	Residue	No	ASA	BSA	Availability
0	K	1	128.4	0.0	100.0
1	T	2	39.74	0.0	100.0
2	T	3	85.91	0.0	100.0
3	Q	4	44.69	0.0	100.0
4	P	5	53.6	0.0	100.0
5	N	6	129.98	0.0	100.0
6	S	7	76.58	0.0	100.0
7	E	9	128.65	0.0	100.0
8	S	10	23.66	0.0	100.0
9	N	11	48.53	0.0	100.0
10	E	12	29.63	0.0	100.0
11	E	13	107.29	0.0	100.0
12	E	14	83.63	0.0	100.0
13	P	15	81.7	0.0	100.0
14	V	16	11.89	0.0	100.0
15	H	17	112.86	0.0	100.0
16	L	18	8.87	0.0	100.0
17	P	19	67.1	0.0	100.0
18	C	20	2.39	0.0	100.0
19	N	21	80.37	0.0	100.0
20	H	22	2.99	0.0	100.0
21	S	23	66.12	0.0	100.0
22	T	24	122.5	0.0	100.0
23	I	25	25.4	0.0	100.0
24	S	26	47.95	1.34	97.20542231491136
25	G	27	68.53	28.34	58.64584853348897
26	T	28	58.18	58.18	0.0
27	D	29	23.33	0.0	100.0
28	Y	30	67.57	60.81	10.004439840165743
29	I	31	0.0	0.0	10.004439840165743
30	H	32	24.5	24.5	0.0
31	W	33	0.31	0.0	100.0
32	Y	34	41.17	41.17	0.0
33	R	35	47.74	0.0	100.0
34	Q	36	51.67	42.19	18.347203406231863
35	L	37	32.33	0.0	100.0
36	P	38	111.55	3.31	97.03272075302554
37	S	39	106.25	21.06	80.17882352941176
38	Q	40	90.44	5.27	94.17293233082708
39	G	41	46.33	31.55	31.90157565292467
40	P	42	72.59	69.27	4.573632731781247
41	E	43	76.35	3.69	95.16699410609037
42	Y	44	100.29	51.06	49.087645827101404
43	V	45	20.54	0.0	100.0
44	I	46	0.33	0.0	100.0
45	H	47	74.29	52.04	29.950195181047256
46	G	48	4.35	0.0	100.0
47	L	49	65.14	40.16	38.34817316548972
48	T	50	73.26	0.0	100.0
49	S	51	72.65	0.0	100.0
50	N	52	105.22	0.0	100.0
51	V	53	43.69	0.0	100.0
52	N	54	104.02	0.0	100.0
53	N	55	58.92	0.0	100.0
54	R	56	142.9	0.0	100.0
55	A	58	20.71	0.0	100.0
56	S	59	8.03	0.0	100.0
57	L	60	1.22	0.0	100.0
58	A	61	30.74	0.0	100.0
59	I	62	13.68	0.0	100.0
60	A	63	34.98	0.0	100.0
61	E	64	116.46	0.0	100.0
62	D	65	90.42	0.0	100.0
63	R	66	37.86	0.0	100.0
64	K	67	98.58	0.0	100.0
65	S	68	38.89	0.0	100.0
66	S	69	4.04	0.0	100.0
67	T	70	35.42	0.0	100.0
68	L	71	0.0	0.0	100.0
69	I	72	34.04	0.0	100.0
70	L	73	17.23	0.0	100.0
71	H	74	112.34	0.0	100.0
72	R	75	137.15	0.0	100.0
73	A	76	0.0	0.0	100.0
74	T	77	33.38	0.0	100.0
75	L	78	20.74	0.0	100.0
76	R	79	158.36	0.0	100.0
77	D	80	26.98	0.0	100.0
78	A	81	26.68	0.0	100.0
79	A	82	6.01	0.0	100.0
80	V	83	18.97	0.0	100.0
81	Y	84	0.41	0.0	100.0
82	Y	85	24.7	17.91	27.48987854251012
83	C	86	1.7	0.0	100.0
84	I	87	12.04	0.0	100.0
85	L	88	33.99	0.0	100.0
86	R	89	40.47	35.29	12.799604645416357
87	D	90	38.09	10.97	71.19978997112104
88	G	91	50.75	50.75	0.0
89	R	92	199.46	199.46	0.0
90	G	93	43.17	29.93	30.669446374797317
91	G	94	51.33	13.59	73.52425482174166
92	A	95	86.24	48.17	44.14424860853432
93	D	96	105.37	0.0	100.0
94	G	97	14.24	0.0	100.0
95	L	98	106.42	100.57	5.497087013719234
96	T	99	109.54	58.44	46.649625707504114
97	F	100	67.31	65.8	2.2433516565146414
98	G	101	59.61	18.37	69.18302298272101
99	K	102	91.95	5.2	94.3447525829255
100	G	103	13.5	0.0	100.0
101	T	104	3.43	0.0	100.0
102	H	105	103.94	0.0	100.0
103	L	106	9.68	0.0	100.0
104	I	107	77.39	0.0	100.0
105	I	108	3.76	0.0	100.0
106	Q	109	25.13	0.0	100.0
107	P	110	28.4	0.0	100.0
108	Y	111	244.9	0.0	100.0
109	I	112	201.68	0.0	100.0
110	Q	113	152.84	0.0	100.0
111	N	114	122.84	0.0	100.0
112	P	115	67.28	0.0	100.0
113	D	116	88.29	33.37	62.204100124589424
114	P	117	33.57	0.0	100.0
115	A	118	0.17	0.17	0.0
116	V	119	22.16	0.0	100.0
117	Y	120	75.52	72.66	3.7870762711864403
118	Q	121	116.48	17.46	85.0103021978022
119	L	122	78.18	64.81	17.101560501407015
120	R	123	100.83	36.31	63.9888921947833
121	D	124	110.24	25.21	77.13171262699565
122	S	125	156.88	71.75	54.264405915349315
123	K	126	126.16	2.81	97.77266962587191
124	S	127	54.85	7.86	85.67000911577028
125	V	128	139.21	57.7	58.551828173263424
126	C	129	29.23	0.0	100.0
127	L	130	83.75	32.97	60.63283582089552
128	F	131	106.92	0.0	100.0
129	T	132	33.89	12.91	61.90616701091768
130	D	133	63.51	29.47	53.59785860494411
131	F	134	131.57	0.0	100.0
132	D	135	119.85	0.0	100.0
133	S	136	80.48	0.0	100.0
134	Q	137	84.59	0.0	100.0
135	T	138	70.82	0.0	100.0
136	N	139	107.92	0.0	100.0
137	V	140	36.62	0.0	100.0
138	S	141	125.0	0.0	100.0
139	D	142	153.58	0.0	100.0
140	S	143	95.02	0.0	100.0
141	D	144	99.11	0.0	100.0
142	V	145	63.89	0.0	100.0
143	Y	146	117.6	66.81	43.188775510204074
144	I	147	83.62	13.87	83.41305907677588
145	T	148	49.68	47.03	5.334138486312397
146	D	149	104.27	18.44	82.31514337776925
147	K	150	42.28	7.86	81.40964995269631
148	C	151	65.94	57.31	13.087655444343335
149	V	152	125.15	55.63	55.54934079105075
150	L	153	49.24	12.7	74.20796100731114
151	D	154	108.19	62.06	42.6379517515482
152	R	156	203.56	43.77	78.49774022401257
153	S	157	55.62	30.0	46.06256742179072
154	D	159	147.79	30.88	79.1054875160701
155	F	160	316.09	150.12	52.50719731721978
156	K	161	61.53	0.0	100.0
157	S	162	152.39	34.05	77.6560141741584
158	N	163	32.73	0.33	98.99175068744272
159	S	164	63.88	27.79	56.49655604257984
160	A	165	36.05	1.0	97.2260748959778
161	V	166	69.94	55.24	21.018015441807258
162	A	167	96.29	0.0	100.0
163	W	168	119.62	83.43	30.254138103995988
164	S	169	102.47	0.0	100.0
165	N	170	212.4	0.0	100.0
166	K	171	79.02	0.0	100.0
167	S	172	120.57	0.0	100.0
168	D	173	96.04	0.0	100.0
169	F	174	98.51	0.0	100.0
170	A	175	55.3	0.0	100.0
171	C	176	22.26	0.0	100.0
172	A	177	70.17	0.0	100.0
173	N	178	80.34	0.0	100.0
174	A	179	79.25	0.0	100.0
175	F	180	135.38	0.0	100.0
176	P	181	126.81	0.0	100.0
177	E	182	105.56	0.0	100.0
178	D	183	105.64	0.0	100.0
179	T	184	18.62	0.0	100.0
180	F	185	101.35	39.35	61.17414898865318
181	F	186	109.16	0.0	100.0
182	P	187	126.47	14.06	88.88273898948367
