	Residue	No	ASA	BSA	Availability
0	D	1	165.09	0.0	100.0
1	S	2	93.18	47.51	49.01266366172999
2	P	3	134.42	65.12	51.55482815057283
3	E	4	149.93	24.7	83.52564530114053
4	D	5	104.57	100.85	3.5574256478913635
5	F	6	138.75	112.99	18.565765765765768
6	V	7	64.66	64.66	0.0
7	Y	8	128.4	128.4	0.0
8	Q	9	58.47	57.32	1.9668205917564539
9	F	10	112.11	112.11	0.0
10	K	11	113.66	95.73	15.775118775294732
11	G	12	69.59	69.59	0.0
12	C	14	55.17	53.86	2.3744788834511548
13	Y	15	110.72	86.66	21.73049132947977
14	F	16	72.9	72.41	0.6721536351166105
15	T	17	88.0	38.29	56.48863636363637
16	N	18	82.3	9.64	88.28675577156744
17	G	19	35.34	0.44	98.75495189586871
18	T	20	51.23	0.0	100.0
19	E	21	89.15	0.0	100.0
20	R	22	51.98	0.0	100.0
21	V	23	23.85	0.0	100.0
22	R	24	102.85	38.59	62.479338842975196
23	L	25	6.87	6.87	0.0
24	V	26	8.8	3.95	55.11363636363637
25	T	27	9.54	8.7	8.80503144654088
26	R	28	64.07	37.8	41.002029030747615
27	Y	29	31.97	31.97	0.0
28	I	30	11.71	11.71	0.0
29	Y	31	87.39	80.37	8.032955715756946
30	N	32	55.54	41.74	24.846957148001437
31	R	33	222.4	143.89	35.301258992805764
32	E	34	76.24	0.0	100.0
33	E	35	29.77	13.02	56.264696002687266
34	Y	36	24.53	24.53	0.0
35	A	37	0.0	0.0	0.0
36	R	38	77.27	4.85	93.72330788145464
37	F	39	0.31	0.0	100.0
38	D	40	13.83	0.0	100.0
39	S	41	26.75	0.0	100.0
40	D	42	99.26	0.0	100.0
41	V	43	75.11	0.0	100.0
42	G	44	15.07	0.0	100.0
43	V	45	43.75	0.0	100.0
44	Y	46	7.25	5.16	28.827586206896548
45	R	47	139.75	0.0	100.0
46	A	48	39.45	0.0	100.0
47	V	49	58.92	0.0	100.0
48	T	50	36.08	0.0	100.0
49	P	51	134.35	0.24	99.82136211388165
50	L	52	87.84	67.09	23.622495446265937
51	G	53	0.0	0.0	23.622495446265937
52	P	54	65.59	0.0	100.0
53	P	55	101.18	42.89	57.61019964419846
54	A	56	16.44	16.44	0.0
55	A	57	5.69	0.0	100.0
56	E	58	66.0	0.0	100.0
57	Y	59	124.28	91.63	26.27132281943998
58	W	60	45.06	45.06	0.0
59	N	61	51.26	0.0	100.0
60	S	62	89.76	0.0	100.0
61	Q	63	40.48	12.77	68.45355731225297
62	K	64	72.02	0.0	100.0
63	E	65	122.95	54.37	55.77877185847907
64	V	66	34.96	32.64	6.636155606407323
65	L	67	17.9	0.0	100.0
66	E	68	103.87	1.73	98.33445653220372
67	R	69	146.32	146.32	0.0
68	T	70	3.99	1.34	66.41604010025063
69	R	71	95.26	0.0	100.0
70	A	72	47.06	26.59	43.49766255843604
71	E	73	36.63	32.97	9.991809991810001
72	L	74	35.75	0.0	100.0
73	D	75	79.53	9.95	87.48899786244183
74	T	76	87.69	80.68	7.994070019386465
75	V	77	59.41	59.41	0.0
76	C	78	0.32	0.32	0.0
77	R	79	108.33	0.0	100.0
78	H	80	106.12	66.75	37.09950998869205
79	N	81	63.95	63.95	0.0
80	Y	82	29.54	14.09	52.3019634394042
81	Q	83	108.98	0.0	100.0
82	L	84	106.98	106.79	0.17760329033463987
83	E	85	68.06	68.06	0.0
84	L	86	94.01	3.01	96.7982129560685
85	R	87	70.88	42.48	40.06772009029345
86	T	88	93.02	93.02	0.0
87	T	89	30.79	27.24	11.529717440727511
88	L	90	98.51	37.32	62.11552126687646
89	Q	91	147.77	43.17	70.78568044934696
90	R	92	96.01	40.23	58.09811477971045
91	R	93	67.18	0.0	100.0
92	V	94	30.96	0.0	100.0
93	E	95	63.29	0.0	100.0
94	P	96	10.06	0.0	100.0
95	T	97	68.6	28.1	59.03790087463556
96	V	98	15.95	0.0	100.0
97	T	99	72.48	38.56	46.799116997792495
98	I	100	30.16	0.0	100.0
99	S	101	53.09	3.86	92.72932755697872
100	P	102	88.37	0.0	100.0
101	S	103	116.53	0.0	100.0
102	L	104	86.97	0.0	100.0
103	L	105	23.15	0.0	100.0
104	V	106	41.05	0.34	99.17174177831912
105	C	107	0.0	0.0	99.17174177831912
106	S	108	19.79	17.91	9.499747347145018
107	V	109	0.0	0.0	9.499747347145018
108	T	110	34.17	29.71	13.052385133157744
109	D	111	78.69	36.95	53.04358876604397
110	F	112	0.0	0.0	53.04358876604397
111	Y	113	32.92	22.41	31.925880923450794
112	P	114	53.73	0.0	100.0
113	A	115	39.47	0.0	100.0
114	Q	116	65.83	0.0	100.0
115	I	117	40.94	0.0	100.0
116	K	118	57.79	0.0	100.0
117	V	119	35.11	0.0	100.0
118	R	120	52.48	0.0	100.0
119	W	121	8.01	0.0	100.0
120	F	122	23.46	0.0	100.0
121	Q	123	101.99	0.0	100.0
122	E	124	78.75	0.0	100.0
123	E	125	81.53	0.0	100.0
124	T	126	74.53	0.0	100.0
125	T	127	133.7	0.0	100.0
126	G	128	61.25	0.0	100.0
127	V	129	60.92	0.0	100.0
128	V	130	87.9	0.0	100.0
129	S	131	56.37	0.0	100.0
130	T	132	58.64	0.0	100.0
131	P	133	111.67	0.0	100.0
132	L	134	69.82	0.0	100.0
133	I	135	62.65	27.33	56.37669592976856
134	R	136	183.7	108.27	41.061513336962435
135	N	137	65.51	65.37	0.2137078308655176
136	G	138	58.92	53.32	9.504412763068569
137	D	139	94.33	45.04	52.2527297784374
138	W	140	153.53	151.21	1.5111053214355457
139	T	141	19.39	4.33	77.6689014956163
140	F	142	11.09	3.59	67.62849413886384
141	Q	143	47.43	41.18	13.17731393632722
142	I	144	25.17	0.0	100.0
143	L	145	58.73	4.35	92.59322322492764
144	V	146	12.83	0.0	100.0
145	L	148	34.19	0.0	100.0
146	E	149	115.15	0.0	100.0
147	R	151	129.72	0.0	100.0
148	G	152	85.26	0.0	100.0
149	D	153	82.55	0.0	100.0
150	V	154	69.22	0.0	100.0
151	Y	155	71.24	0.0	100.0
152	T	156	25.35	0.0	100.0
153	C	157	0.0	0.0	100.0
154	H	158	51.44	0.0	100.0
155	V	159	0.3	0.0	100.0
156	E	160	48.08	0.0	100.0
157	H	161	10.36	0.0	100.0
158	P	162	87.24	0.0	100.0
159	S	163	34.71	0.0	100.0
160	L	164	44.17	4.86	88.99705682589993
161	Q	165	108.79	19.4	82.16747862855043
162	N	166	113.74	71.28	37.330754352030944
163	P	167	75.41	0.0	100.0
164	I	168	47.67	0.0	100.0
165	I	169	93.95	0.0	100.0
166	V	170	39.5	0.0	100.0
167	E	171	118.17	0.0	100.0
168	W	172	86.87	0.0	100.0
169	R	173	98.95	0.0	100.0
