	Residue	No	ASA	BSA	Availability
0	S	1	170.16	4.04	97.62576398683592
1	G	2	76.42	18.57	75.70007851347815
2	E	3	176.25	138.16	21.611347517730497
3	G	4	75.57	14.08	81.36826783114994
4	S	5	108.72	65.4	39.84547461368653
5	F	6	209.82	61.79	70.55094843198933
6	Q	7	166.07	38.28	76.94947913530439
7	P	8	120.46	84.28	30.03486634567491
8	S	9	107.77	13.49	87.482601837246
9	Q	10	167.13	28.14	83.16280739544068
10	E	11	157.92	119.96	24.03748733535967
11	N	12	137.19	16.72	87.81252277862818
12	P	13	158.3	26.74	83.10802274162981
