	Residue	No	ASA	BSA	Availability
0	D	1	165.78	82.35	50.3257328990228
1	I	2	87.32	38.87	55.48557031607879
2	V	3	112.59	0.0	100.0
3	A	4	63.78	34.79	45.45312010034494
4	D	5	138.32	48.66	64.8207056101793
5	H	6	115.65	67.54	41.599654128837
6	V	7	94.17	28.96	69.24710629712223
7	A	8	40.49	37.08	8.42183255124723
8	S	9	38.38	17.07	55.52371026576341
9	Y	10	133.04	133.04	0.0
10	G	11	23.5	23.5	0.0
11	V	12	17.57	16.73	4.780876494023904
12	N	13	48.1	48.1	0.0
13	L	14	25.91	21.43	17.290621381705908
14	Y	15	55.71	17.31	68.92837910608509
15	Q	16	30.92	21.17	31.53298835705045
16	S	17	83.58	38.81	53.56544627901412
17	Y	18	133.13	42.99	67.70825508901073
18	G	19	67.5	0.0	100.0
19	P	20	91.1	0.0	100.0
20	S	21	46.21	0.0	100.0
21	G	22	27.14	0.0	100.0
22	Q	23	24.32	0.0	100.0
23	Y	24	9.99	9.46	5.305305305305299
24	S	25	0.98	0.0	100.0
25	H	26	21.71	21.71	0.0
26	E	27	8.62	0.0	100.0
27	F	28	73.47	72.83	0.8711038519123461
28	D	29	73.4	28.32	61.41689373297004
29	G	30	43.71	13.61	68.86296042095631
30	D	31	98.74	97.65	1.1039092566335724
31	E	32	20.49	17.01	16.983894582723266
32	E	33	7.18	6.81	5.1532033426183865
33	F	34	1.72	1.57	8.720930232558134
34	Y	35	64.67	0.0	100.0
35	V	36	4.79	0.0	100.0
36	D	37	38.94	0.0	100.0
37	L	38	39.79	0.0	100.0
38	E	39	167.75	0.0	100.0
39	R	40	187.11	0.0	100.0
40	K	41	115.18	0.0	100.0
41	E	42	95.46	0.0	100.0
42	T	43	22.69	0.0	100.0
43	V	44	45.34	0.0	100.0
44	W	45	41.34	7.19	82.60764392839866
45	Q	46	74.01	6.15	91.69031211998377
46	L	47	94.28	72.34	23.271107339838775
47	P	48	110.1	0.0	100.0
48	L	49	109.94	64.02	41.768237220301984
49	F	50	35.85	35.69	0.4463040446304148
50	R	51	71.5	0.0	100.0
51	R	52	69.91	22.26	68.15906165069374
52	F	53	162.92	113.36	30.419837957279643
53	R	54	100.77	100.77	0.0
54	R	55	104.54	54.82	47.56074229959824
55	F	56	41.16	39.51	4.008746355685129
56	D	57	65.97	0.14	99.78778232529937
57	P	58	28.96	0.0	100.0
58	Q	59	97.99	20.98	78.58965200530665
59	F	60	125.7	117.63	6.4200477326969025
60	A	61	0.0	0.0	6.4200477326969025
61	L	62	39.7	18.97	52.21662468513855
62	T	63	81.78	81.78	0.0
63	N	64	52.33	52.33	0.0
64	I	65	17.99	0.0	100.0
65	A	66	66.48	46.59	29.918772563176894
66	V	67	76.66	76.66	0.0
67	L	68	46.26	46.26	0.0
68	K	69	32.2	2.98	90.74534161490682
69	H	70	108.56	108.56	0.0
70	N	71	72.8	72.8	0.0
71	L	72	53.26	49.76	6.5715358618099895
72	N	73	85.14	0.0	100.0
73	I	74	73.88	47.0	36.38332430969139
74	V	75	75.72	75.72	0.0
75	I	76	62.98	31.22	50.42870752619879
76	K	77	147.08	0.0	100.0
77	R	78	181.61	130.14	28.340950388194496
78	S	79	44.21	24.08	45.532684912915634
79	N	80	89.91	0.0	100.0
80	S	81	84.05	14.99	82.1653777513385
81	T	82	103.12	29.63	71.266485647789
82	A	83	85.79	49.08	42.79053502739247
83	A	84	61.89	46.43	24.979802876070448
84	T	85	101.21	0.66	99.34789052465172
85	N	86	66.92	14.34	78.57142857142857
86	E	87	65.84	21.67	67.0868772782503
87	V	88	102.17	0.0	100.0
88	P	89	6.57	0.0	100.0
89	E	90	103.15	0.0	100.0
90	V	91	27.62	0.0	100.0
91	T	92	61.98	0.0	100.0
92	V	93	22.5	0.0	100.0
93	F	94	88.06	52.93	39.89325459913695
94	S	95	28.33	12.21	56.900811860218845
95	K	96	151.16	109.41	27.619740672135485
96	S	97	53.49	26.69	50.10282295756217
97	P	98	121.72	68.21	43.961551100887284
98	V	99	54.54	0.0	100.0
99	T	100	81.04	18.14	77.61599210266536
100	L	101	85.97	0.0	100.0
101	G	102	52.53	7.73	85.28459927660383
102	Q	103	105.99	94.95	10.416076988395124
103	P	104	111.49	15.76	85.86420306753968
104	N	105	12.08	0.0	100.0
105	T	106	22.23	0.0	100.0
106	L	107	0.0	0.0	100.0
107	I	108	18.19	18.19	0.0
108	C	109	0.0	0.0	0.0
109	L	110	43.06	2.52	94.14770088248954
110	V	111	0.0	0.0	94.14770088248954
111	D	112	23.52	0.0	100.0
112	N	113	40.55	3.78	90.67817509247843
113	I	114	0.0	0.0	90.67817509247843
114	F	115	61.62	60.52	1.7851346965270922
115	P	116	13.87	12.87	7.2098053352559495
116	P	117	6.69	2.84	57.54857997010464
117	V	118	38.28	0.33	99.13793103448276
118	V	119	28.89	0.0	100.0
119	N	120	79.86	0.0	100.0
120	I	121	29.12	0.0	100.0
121	T	122	49.26	0.0	100.0
122	W	123	1.32	0.0	100.0
123	L	124	26.77	0.0	100.0
124	S	125	32.64	0.0	100.0
125	N	126	79.91	0.0	100.0
126	G	127	62.62	0.0	100.0
127	H	128	140.31	0.0	100.0
128	S	129	77.13	0.0	100.0
129	V	130	30.73	0.0	100.0
130	T	131	130.63	0.0	100.0
131	E	132	84.97	0.0	100.0
132	G	133	44.67	0.0	100.0
133	V	134	59.41	0.0	100.0
134	S	135	65.32	0.0	100.0
135	E	136	89.85	0.0	100.0
136	T	137	21.71	9.64	55.596499309074154
137	S	138	13.04	0.0	100.0
138	F	139	24.0	0.0	100.0
139	L	140	7.72	6.21	19.559585492227978
140	S	141	38.52	16.2	57.94392523364487
141	K	142	52.93	3.83	92.76402796145852
142	S	143	116.91	2.01	98.28072876571721
143	D	144	91.52	24.8	72.9020979020979
144	H	145	152.33	131.27	13.825247817238889
145	S	146	6.71	6.59	1.7883755588673638
146	F	147	16.41	15.94	2.864107251675811
147	F	148	40.28	14.6	63.75372393247268
148	K	149	18.05	0.0	100.0
149	I	150	28.17	27.83	1.2069577564785354
150	S	151	1.09	0.0	100.0
151	Y	152	63.28	42.01	33.612515802781296
152	L	153	7.37	0.0	100.0
153	T	154	85.08	0.0	100.0
154	F	155	18.75	0.0	100.0
155	L	156	62.02	0.0	100.0
156	P	157	7.9	0.0	100.0
157	S	158	51.8	0.0	100.0
158	A	159	134.43	0.0	100.0
159	E	160	41.82	0.0	100.0
160	I	161	30.38	0.0	100.0
161	Y	162	17.76	0.0	100.0
162	D	163	21.33	0.0	100.0
163	C	164	0.14	0.0	100.0
164	K	165	9.95	0.0	100.0
165	V	166	0.0	0.0	100.0
166	E	167	68.26	0.0	100.0
167	H	168	13.13	0.0	100.0
168	W	169	116.66	61.21	47.53128750214298
169	G	170	18.58	0.0	100.0
170	L	171	32.32	0.0	100.0
171	D	172	160.3	0.0	100.0
172	E	173	70.94	0.0	100.0
173	P	174	83.08	0.0	100.0
174	L	175	64.22	0.0	100.0
175	L	176	107.31	0.0	100.0
176	K	177	20.49	0.0	100.0
177	H	178	102.33	0.0	100.0
178	W	179	38.72	0.0	100.0
179	E	180	115.06	0.0	100.0
180	P	181	90.18	0.0	100.0
