	Residue	No	ASA	BSA	Availability
0	D	1	165.43	80.68	51.23012754639424
1	I	2	86.4	39.83	53.90046296296297
2	V	3	113.79	0.0	100.0
3	A	4	65.25	37.42	42.65134099616858
4	D	5	138.84	50.73	63.46153846153847
5	H	6	116.84	72.49	37.957891133173575
6	V	7	93.07	29.46	68.34640593101966
7	A	8	38.71	36.4	5.9674502712477455
8	S	9	38.7	17.22	55.503875968992254
9	Y	10	133.82	133.82	0.0
10	G	11	23.04	23.04	0.0
11	V	12	17.24	16.9	1.972157772621809
12	N	13	48.67	48.67	0.0
13	L	14	25.75	20.92	18.75728155339805
14	Y	15	56.72	17.65	68.88222849083216
15	Q	16	30.99	20.92	32.494353017102284
16	S	17	84.21	39.27	53.36658354114713
17	Y	18	130.5	45.17	65.38697318007662
18	G	19	66.72	0.0	100.0
19	P	20	90.68	0.0	100.0
20	S	21	46.56	0.0	100.0
21	G	22	26.82	0.0	100.0
22	Q	23	24.07	0.0	100.0
23	Y	24	9.7	9.7	0.0
24	S	25	0.74	0.0	100.0
25	H	26	21.75	21.75	0.0
26	E	27	8.03	0.0	100.0
27	F	28	74.33	73.22	1.4933405085429832
28	D	29	73.45	30.25	58.815520762423425
29	G	30	42.96	15.59	63.71042830540037
30	D	31	99.19	98.67	0.5242463958060248
31	E	32	20.01	15.92	20.439780109945033
32	E	33	7.79	7.79	0.0
33	F	34	1.1	1.1	0.0
34	Y	35	64.39	0.0	100.0
35	V	36	4.54	0.0	100.0
36	D	37	38.23	0.0	100.0
37	L	38	40.06	0.0	100.0
38	E	39	166.96	0.0	100.0
39	R	40	195.88	0.0	100.0
40	K	41	113.78	0.0	100.0
41	E	42	41.34	0.0	100.0
42	T	43	30.39	0.0	100.0
43	V	44	51.37	0.0	100.0
44	W	45	42.57	7.03	83.48602302090674
45	Q	46	73.39	5.05	93.11895353590408
46	L	47	93.8	74.67	20.394456289978674
47	P	48	111.71	0.0	100.0
48	L	49	109.95	62.86	42.82855843565257
49	F	50	36.61	36.61	0.0
50	R	51	72.18	21.18	70.65669160432253
51	R	52	70.6	39.3	44.3342776203966
52	F	53	163.32	81.63	50.018368846436445
53	R	54	99.18	99.18	0.0
54	R	55	103.91	68.07	34.491386777018576
55	F	56	40.73	40.28	1.1048367296832697
56	D	57	67.25	0.0	100.0
57	P	58	28.6	0.0	100.0
58	Q	59	97.69	18.4	81.16490940730883
59	F	60	126.31	116.11	8.075370121130554
60	A	61	0.0	0.0	8.075370121130554
61	L	62	39.42	16.32	58.599695585996955
62	T	63	82.01	80.28	2.1094988416046867
63	N	64	52.5	52.5	0.0
64	I	65	19.15	0.0	100.0
65	A	66	66.05	44.46	32.68735806207418
66	V	67	75.16	75.16	0.0
67	L	68	47.18	47.18	0.0
68	K	69	32.14	0.0	100.0
69	H	70	108.66	107.89	0.7086324314375079
70	N	71	73.18	73.18	0.0
71	L	72	54.15	50.47	6.795937211449676
72	N	73	85.72	0.0	100.0
73	I	74	73.92	47.12	36.25541125541126
74	V	75	75.5	75.5	0.0
75	I	76	61.47	30.21	50.85407515861395
76	K	77	142.15	0.0	100.0
77	R	78	176.02	128.39	27.0594250653335
78	S	79	43.36	26.67	38.49169741697416
79	N	80	138.28	0.0	100.0
80	S	81	82.31	15.04	81.72761511359495
81	T	82	102.82	29.45	71.3577125072943
82	A	83	86.64	49.22	43.19021237303786
83	A	84	60.83	44.7	26.516521453230308
84	T	85	102.08	0.54	99.47100313479623
85	N	86	66.86	14.48	78.3428058629973
86	E	87	65.77	24.56	62.65774669302113
87	V	88	102.22	0.0	100.0
88	P	89	6.05	0.0	100.0
89	E	90	104.47	0.0	100.0
90	V	91	27.26	0.0	100.0
91	T	92	62.67	0.0	100.0
92	V	93	22.04	0.0	100.0
93	F	94	89.78	55.44	38.24905324125641
94	S	95	28.85	11.71	59.4107452339688
95	K	96	151.32	105.01	30.604017975151987
96	S	97	52.93	10.35	80.44587190629132
97	P	98	120.78	49.12	59.331015068719985
98	V	99	50.94	0.0	100.0
99	T	100	85.29	0.0	100.0
100	L	101	90.15	0.0	100.0
101	G	102	63.37	18.98	70.04891904686761
102	Q	103	38.27	22.25	41.86046511627907
103	P	104	120.53	89.22	25.97693520285406
104	N	105	11.95	0.24	97.99163179916319
105	T	106	21.95	0.0	100.0
106	L	107	0.0	0.0	100.0
107	I	108	18.02	18.02	0.0
108	C	109	0.0	0.0	0.0
109	L	110	43.38	3.52	91.88566159520516
110	V	111	0.0	0.0	91.88566159520516
111	D	112	24.14	0.0	100.0
112	N	113	39.49	4.37	88.93390731830844
113	I	114	0.0	0.0	88.93390731830844
114	F	115	61.65	60.24	2.2871046228710408
115	P	116	14.04	13.37	4.772079772079771
116	P	117	6.41	2.85	55.53822152886115
117	V	118	37.89	0.17	99.55133280548957
118	V	119	29.03	0.0	100.0
119	N	120	79.68	0.0	100.0
120	I	121	28.49	0.0	100.0
121	T	122	39.58	0.0	100.0
122	W	123	1.64	0.0	100.0
123	L	124	20.91	0.0	100.0
124	S	125	38.94	0.0	100.0
125	N	126	104.36	0.0	100.0
126	G	127	69.75	0.0	100.0
127	H	128	66.02	0.0	100.0
128	S	129	76.6	0.0	100.0
129	V	130	30.3	0.0	100.0
130	T	131	131.06	0.0	100.0
131	E	132	85.48	2.18	97.4496958352831
132	G	133	44.91	9.49	78.86884880872856
133	V	134	58.77	0.0	100.0
134	S	135	65.31	0.0	100.0
135	E	136	89.87	0.0	100.0
136	T	137	21.14	10.64	49.668874172185426
137	S	138	13.66	0.0	100.0
138	F	139	24.08	0.0	100.0
139	L	140	8.02	6.7	16.458852867830416
140	S	141	38.55	16.19	58.00259403372243
141	K	142	54.65	4.09	92.51601097895701
142	S	143	116.39	1.67	98.56516882893719
143	D	144	90.68	25.63	71.73577415086018
144	H	145	152.71	133.36	12.671075895488176
145	S	146	6.48	6.35	2.006172839506185
146	F	147	17.34	17.19	0.8650519031141786
147	F	148	41.23	15.54	62.30899830220713
148	K	149	17.71	0.0	100.0
149	I	150	28.0	27.83	0.6071428571428632
150	S	151	1.28	0.0	100.0
151	Y	152	61.74	38.75	37.23679948169744
152	L	153	7.2	0.0	100.0
153	T	154	86.29	25.64	70.28624406072547
154	F	155	18.72	11.94	36.217948717948715
155	L	156	63.45	18.73	70.48069345941686
156	P	157	8.52	0.0	100.0
157	S	158	74.41	0.0	100.0
158	A	159	149.03	0.0	100.0
159	I	160	68.28	0.0	100.0
160	Y	161	34.36	0.0	100.0
161	D	162	30.99	0.0	100.0
162	C	163	0.43	0.0	100.0
163	K	164	57.98	0.0	100.0
164	V	165	0.0	0.0	100.0
165	E	166	53.98	0.0	100.0
166	H	167	14.8	0.0	100.0
167	W	168	115.67	62.0	46.399239215008215
168	G	169	18.81	0.0	100.0
169	L	170	31.72	0.0	100.0
170	D	171	159.24	0.0	100.0
171	E	172	70.36	0.0	100.0
172	P	173	74.68	0.0	100.0
173	L	174	64.96	0.0	100.0
174	L	175	100.48	0.0	100.0
175	K	176	20.64	0.0	100.0
176	H	177	83.29	0.0	100.0
177	W	178	44.01	0.0	100.0
178	E	179	68.76	0.0	100.0
179	P	180	98.69	0.0	100.0
