	Residue	No	ASA	BSA	Availability
0	S	1	154.94	49.6	67.98760810636377
1	P	2	131.35	65.51	50.12561857632279
2	E	3	145.81	30.42	79.13723338591318
3	D	4	105.75	101.57	3.9527186761229376
4	F	5	142.6	118.24	17.08274894810659
5	V	6	62.97	62.97	0.0
6	Y	7	126.74	126.74	0.0
7	Q	8	59.07	58.78	0.4909429490435062
8	F	9	113.68	113.68	0.0
9	K	10	111.88	95.9	14.283160529138353
10	G	11	69.2	69.2	0.0
11	C	13	54.72	53.7	1.8640350877192908
12	Y	14	116.42	90.54	22.22985741281566
13	F	15	73.58	73.4	0.24463169339493424
14	T	16	85.13	31.81	62.633619170680134
15	N	17	86.29	15.75	81.74759531811334
16	G	18	36.61	2.02	94.48238186287898
17	T	19	45.77	0.0	100.0
18	E	20	94.6	0.0	100.0
19	R	21	50.49	0.0	100.0
20	V	22	20.45	0.0	100.0
21	R	23	101.52	39.25	61.33766745468873
22	L	24	6.21	6.21	0.0
23	V	25	7.75	3.97	48.774193548387096
24	T	26	6.37	5.86	8.00627943485086
25	R	27	58.28	34.19	41.33493479752918
26	Y	28	29.93	29.93	0.0
27	I	29	11.2	11.2	0.0
28	Y	30	84.93	77.79	8.406923348640056
29	N	31	55.99	41.71	25.504554384711557
30	R	32	224.97	144.05	35.96924034315686
31	E	33	77.82	0.0	100.0
32	E	34	32.78	14.74	55.033557046979865
33	Y	35	23.84	23.84	0.0
34	A	36	0.0	0.0	0.0
35	R	37	73.66	6.48	91.20282378495791
36	F	38	0.78	0.0	100.0
37	D	39	15.17	0.0	100.0
38	S	40	28.2	0.0	100.0
39	D	41	95.44	0.0	100.0
40	V	42	72.34	0.0	100.0
41	G	43	14.67	0.0	100.0
42	V	44	51.14	0.0	100.0
43	Y	45	9.59	7.0	27.00729927007299
44	R	46	144.84	0.0	100.0
45	A	47	44.47	0.0	100.0
46	V	48	55.61	0.0	100.0
47	T	49	32.66	0.0	100.0
48	P	50	133.41	0.93	99.30290083202158
49	L	51	84.72	63.17	25.436732766761093
50	G	52	0.0	0.0	25.436732766761093
51	P	53	48.85	0.0	100.0
52	P	54	97.54	36.83	62.241131843346324
53	A	55	21.9	21.9	0.0
54	A	56	5.51	0.0	100.0
55	E	57	128.92	0.0	100.0
56	Y	58	125.43	86.77	30.821972414892773
57	W	59	49.46	49.46	0.0
58	N	60	48.39	0.0	100.0
59	S	61	84.5	0.0	100.0
60	Q	62	44.85	18.18	59.46488294314381
61	K	63	63.93	0.0	100.0
62	E	64	120.29	61.58	48.80704963006069
63	V	65	34.73	31.55	9.156348977828955
64	L	66	20.75	0.0	100.0
65	E	67	102.07	0.47	99.53953169393553
66	R	68	140.76	140.76	0.0
67	T	69	2.62	1.95	25.572519083969468
68	R	70	94.01	0.0	100.0
69	A	71	42.87	26.25	38.76836948915325
70	E	72	29.12	28.98	0.4807692307692327
71	L	73	30.63	0.0	100.0
72	D	74	75.13	13.99	81.37894316518035
73	T	75	88.34	84.34	4.527960153950645
74	V	76	62.98	62.98	0.0
75	C	77	0.33	0.33	0.0
76	R	78	104.25	0.0	100.0
77	H	79	108.46	85.39	21.270514475382623
78	N	80	70.05	70.05	0.0
79	Y	81	29.17	15.5	46.86321563249914
80	Q	82	96.99	0.0	100.0
81	L	83	104.37	84.76	18.78892402031235
82	E	84	67.75	67.75	0.0
83	L	85	85.57	0.0	100.0
84	R	86	64.84	1.88	97.10055521283158
85	T	87	91.42	87.41	4.386348720192523
86	T	88	31.5	30.02	4.6984126984126995
87	L	89	101.72	40.32	60.36177742823436
88	Q	90	133.96	0.15	99.88802627650044
89	R	91	96.13	43.76	54.47831062103402
90	R	92	69.06	0.0	100.0
91	V	93	35.82	0.0	100.0
92	E	94	70.65	36.95	47.69992922859165
93	P	95	18.13	1.6	91.17484831770545
94	T	96	79.89	0.0	100.0
95	V	97	21.17	0.0	100.0
96	T	98	83.37	11.45	86.26604294110591
97	I	99	38.02	0.0	100.0
98	S	100	54.56	0.0	100.0
99	P	101	96.29	0.0	100.0
100	S	102	122.22	0.0	100.0
101	L	103	82.65	0.0	100.0
102	L	104	17.85	0.0	100.0
103	V	105	39.32	0.0	100.0
104	C	106	0.0	0.0	100.0
105	S	107	22.71	13.6	40.114487010127704
106	V	108	0.0	0.0	40.114487010127704
107	T	109	40.91	34.03	16.817404057687597
108	D	110	67.68	34.77	48.6258865248227
109	F	111	0.0	0.0	48.6258865248227
110	Y	112	33.27	23.55	29.215509467989182
111	P	113	54.42	1.51	97.2252848217567
112	A	114	36.89	0.0	100.0
113	Q	115	65.49	0.0	100.0
114	I	116	36.56	0.0	100.0
115	K	117	37.83	0.0	100.0
116	V	118	31.7	0.0	100.0
117	R	119	115.0	0.0	100.0
118	W	120	17.14	0.0	100.0
119	F	121	74.38	0.0	100.0
120	E	122	109.22	0.0	100.0
121	T	123	81.03	0.0	100.0
122	T	124	118.96	0.0	100.0
123	G	125	49.77	0.0	100.0
124	V	126	68.71	0.0	100.0
125	V	127	76.78	0.0	100.0
126	S	128	63.57	0.0	100.0
127	T	129	54.63	0.0	100.0
128	P	130	114.07	0.0	100.0
129	L	131	75.31	0.0	100.0
130	I	132	67.22	24.19	64.0136864028563
131	R	133	179.96	106.42	40.86463658590798
132	N	134	59.72	59.72	0.0
133	G	135	63.64	55.76	12.382149591451922
134	D	136	86.99	41.87	51.86803080813887
135	W	137	147.78	144.3	2.3548518067397417
136	T	138	15.56	4.77	69.34447300771208
137	F	139	10.49	2.5	76.16777883698761
138	Q	140	56.59	46.98	16.98179890440008
139	I	141	20.51	0.0	100.0
140	L	142	53.9	0.0	100.0
141	V	143	9.99	0.0	100.0
142	L	145	55.12	0.0	100.0
143	E	146	117.69	0.0	100.0
144	T	147	52.19	0.0	100.0
145	C	148	0.12	0.0	100.0
146	H	149	31.61	0.0	100.0
147	V	150	0.34	0.0	100.0
148	E	151	67.22	0.0	100.0
149	H	152	7.75	0.0	100.0
150	P	153	94.26	0.0	100.0
151	S	154	37.76	8.53	77.40995762711864
152	L	155	46.82	21.92	53.1824006834686
153	Q	156	108.2	9.88	90.86876155268023
154	N	157	80.56	2.67	96.68570009930487
155	P	158	74.34	0.0	100.0
156	I	159	30.0	0.0	100.0
157	I	160	83.6	0.0	100.0
158	V	161	44.02	0.0	100.0
159	E	162	74.57	0.0	100.0
160	W	163	235.65	0.0	100.0
