	Residue	No	ASA	BSA	Availability
0	I	1	224.6	124.26	44.67497773820124
1	V	2	158.9	7.29	95.41220893643802
2	A	3	67.17	36.56	45.570939407473574
3	D	4	139.74	50.86	63.603835694861885
4	H	5	124.98	76.28	38.96623459753561
5	V	6	104.37	33.6	67.80684104627768
6	A	7	40.95	36.89	9.91452991452992
7	S	8	39.77	20.28	49.00678903696253
8	Y	9	147.22	147.22	0.0
9	G	10	23.37	23.37	0.0
10	V	11	23.07	21.24	7.932379713914182
11	N	12	50.72	50.72	0.0
12	L	13	24.27	20.58	15.203955500618052
13	Y	14	33.78	19.35	42.717584369449376
14	Q	15	25.63	19.37	24.42450253609051
15	S	16	77.5	36.85	52.45161290322581
16	Y	17	142.32	35.7	74.91568296795953
17	G	18	46.43	0.0	100.0
18	P	19	98.53	0.0	100.0
19	S	20	49.44	0.0	100.0
20	G	21	24.39	0.0	100.0
21	Q	22	29.69	0.0	100.0
22	Y	23	9.05	8.91	1.5469613259668569
23	T	24	2.03	0.0	100.0
24	H	25	17.44	17.44	0.0
25	E	26	9.24	0.0	100.0
26	F	27	85.16	84.22	1.1038046031000444
27	D	28	64.47	28.09	56.42934698309291
28	G	29	43.44	21.93	49.51657458563536
29	D	30	92.59	90.77	1.9656550383410816
30	E	31	22.45	16.58	26.146993318485528
31	Q	32	29.75	25.01	15.932773109243692
32	F	33	7.81	5.78	25.992317541613307
33	Y	34	77.33	0.0	100.0
34	V	35	7.75	0.0	100.0
35	D	36	47.1	0.0	100.0
36	L	37	52.73	0.0	100.0
37	G	38	70.53	0.0	100.0
38	R	39	190.13	0.0	100.0
39	K	40	116.31	7.06	93.93001461611212
40	E	41	68.01	0.0	100.0
41	T	42	25.38	0.0	100.0
42	V	43	48.46	0.0	100.0
43	W	44	38.42	8.28	78.44872462259241
44	C	45	56.7	6.58	88.39506172839506
45	L	46	93.42	88.39	5.384286020124172
46	P	47	89.4	2.85	96.81208053691276
47	V	48	98.12	34.78	64.55360782715043
48	L	49	28.43	20.08	29.37038339781921
49	R	50	143.43	0.0	100.0
50	Q	51	135.36	19.05	85.92641843971631
51	F	52	112.96	95.44	15.509915014164303
52	R	53	243.2	19.97	91.78865131578947
53	F	54	41.35	29.3	29.141475211608224
54	D	55	80.88	20.27	74.9381800197824
55	P	56	35.45	0.0	100.0
56	Q	57	110.12	48.05	56.36578278241918
57	F	58	113.34	113.34	0.0
58	A	59	0.0	0.0	0.0
59	L	60	43.33	0.17	99.60766212785599
60	T	61	74.12	65.41	11.751214247166766
61	N	62	49.61	49.61	0.0
62	I	63	16.58	0.0	100.0
63	A	64	59.24	16.8	71.64078325455773
64	V	65	82.39	82.39	0.0
65	L	66	45.78	45.78	0.0
66	K	67	102.46	0.0	100.0
67	H	68	128.86	67.96	47.26059289151018
68	N	69	67.01	67.01	0.0
69	L	70	52.37	49.51	5.461141875119342
70	N	71	78.71	0.0	100.0
71	S	72	36.94	21.76	41.09366540335679
72	L	73	98.25	98.25	0.0
73	I	74	63.36	31.2	50.75757575757576
74	K	75	177.58	0.0	100.0
75	R	76	178.56	97.54	45.374103942652326
76	S	77	47.8	27.95	41.52719665271966
77	N	78	136.78	0.0	100.0
78	S	79	82.77	16.57	79.98066932463452
79	T	80	103.19	34.05	67.00261653260975
80	A	81	92.69	52.74	43.100658107670725
81	A	82	55.35	45.54	17.72357723577236
82	T	83	105.74	0.61	99.42311329676565
83	N	84	69.78	6.28	91.00028661507595
84	E	85	73.41	21.36	70.90314671025746
85	V	86	98.01	0.0	100.0
86	P	87	7.34	0.0	100.0
87	E	88	114.5	0.0	100.0
88	V	89	11.11	0.0	100.0
89	T	90	56.66	1.67	97.05259442287327
90	V	91	26.18	0.0	100.0
91	F	92	84.99	51.41	39.51053065066478
92	S	93	34.13	11.91	65.10401406387342
93	K	94	132.19	94.15	28.776760723201445
94	S	95	55.55	18.89	65.99459945994599
95	P	96	127.26	74.67	41.324846770391325
96	V	97	61.06	0.0	100.0
97	T	98	77.81	0.0	100.0
98	L	99	120.73	0.0	100.0
99	G	100	52.14	0.0	100.0
100	Q	101	92.76	0.0	100.0
101	P	102	125.51	0.0	100.0
102	N	103	15.26	0.0	100.0
103	I	104	58.83	0.0	100.0
104	L	105	2.84	0.0	100.0
105	I	106	20.9	20.9	0.0
106	C	107	0.0	0.0	0.0
107	L	108	38.66	8.86	77.08225556130367
108	V	109	0.0	0.0	77.08225556130367
109	D	110	30.32	0.0	100.0
110	N	111	38.73	3.69	90.47250193648335
111	I	112	0.0	0.0	90.47250193648335
112	F	113	60.94	59.85	1.7886445684279562
113	P	114	14.21	13.04	8.233638282899378
114	P	115	7.29	4.84	33.6076817558299
115	V	116	26.55	0.0	100.0
116	V	117	14.36	0.0	100.0
117	N	118	89.52	0.0	100.0
118	I	119	18.43	0.0	100.0
119	T	120	51.24	0.0	100.0
120	W	121	1.54	0.0	100.0
121	L	122	25.3	0.0	100.0
122	S	123	26.43	0.0	100.0
123	N	124	121.93	0.0	100.0
124	G	125	63.11	0.0	100.0
125	H	126	137.82	0.0	100.0
126	S	127	73.69	0.0	100.0
127	V	128	41.95	0.0	100.0
128	T	129	114.27	0.0	100.0
129	E	130	141.05	0.0	100.0
130	G	131	35.8	0.0	100.0
131	V	132	65.93	0.0	100.0
132	S	133	62.53	0.0	100.0
133	E	134	81.77	0.0	100.0
134	T	135	32.46	8.36	74.24522489217499
135	S	136	14.6	0.0	100.0
136	F	137	25.54	0.0	100.0
137	L	138	7.35	2.85	61.224489795918366
138	S	139	32.29	14.93	53.76277485289563
139	K	140	64.87	7.08	89.08586403576383
140	S	141	114.38	0.33	99.71148802238153
141	D	142	90.52	33.36	63.14626601855944
142	H	143	152.21	132.2	13.146311017672963
143	S	144	6.96	6.96	0.0
144	F	145	15.3	15.14	1.0457516339869288
145	F	146	38.64	14.53	62.396480331262936
146	K	147	28.01	0.0	100.0
147	I	148	26.45	25.78	2.5330812854442275
148	S	149	0.49	0.0	100.0
149	Y	150	62.97	42.08	33.17452755280292
150	L	151	4.52	0.0	100.0
151	T	152	93.45	0.0	100.0
152	L	153	21.42	0.0	100.0
153	L	154	73.7	0.0	100.0
154	P	155	5.78	0.0	100.0
155	S	156	44.64	0.0	100.0
156	A	157	87.46	0.0	100.0
157	E	158	91.14	0.0	100.0
158	E	159	75.37	0.0	100.0
159	S	160	20.0	0.0	100.0
160	Y	161	25.63	0.0	100.0
161	D	162	23.34	0.0	100.0
162	C	163	0.0	0.0	100.0
163	K	164	43.97	0.0	100.0
164	V	165	0.0	0.0	100.0
165	E	166	57.13	0.0	100.0
166	H	167	15.08	0.0	100.0
167	W	168	124.84	51.08	59.08362704261455
168	G	169	27.05	0.0	100.0
169	L	170	27.98	0.0	100.0
170	D	171	153.79	0.0	100.0
171	K	172	155.99	0.0	100.0
172	P	173	59.36	0.0	100.0
173	L	174	57.05	0.0	100.0
174	L	175	84.26	0.0	100.0
175	K	176	87.6	0.0	100.0
176	H	177	103.97	0.0	100.0
177	W	178	29.62	0.0	100.0
178	E	179	107.56	0.0	100.0
179	P	180	12.23	0.0	100.0
180	E	181	202.5	8.11	95.99506172839506
