	Residue	No	ASA	BSA	Availability
0	S	1	153.33	37.78	75.36033392030261
1	P	2	128.15	64.0	50.05852516582131
2	E	3	141.2	30.04	78.72521246458923
3	D	4	111.87	108.87	2.6816840976133007
4	F	5	140.34	117.69	16.13937580162463
5	V	6	63.57	63.57	0.0
6	Y	7	133.25	133.25	0.0
7	Q	8	56.89	56.89	0.0
8	F	9	120.76	120.76	0.0
9	K	10	111.45	94.66	15.065051592642446
10	G	11	58.47	58.47	0.0
11	C	13	51.64	48.58	5.925639039504264
12	Y	14	109.07	75.25	31.00760979187677
13	F	15	72.39	71.27	1.547175024174616
14	T	16	77.54	42.35	45.38302811452154
15	N	17	113.82	13.51	88.13038130381304
16	G	18	35.13	3.23	90.80557927697124
17	T	19	80.81	0.0	100.0
18	E	20	127.22	0.0	100.0
19	R	21	113.79	0.0	100.0
20	V	22	10.0	0.0	100.0
21	R	23	93.15	23.74	74.51422436929684
22	L	24	4.17	4.17	0.0
23	V	25	9.71	0.18	98.14624098867148
24	S	26	7.04	3.93	44.17613636363636
25	R	27	58.27	13.88	76.17985241118929
26	S	28	7.36	0.0	100.0
27	I	29	14.78	14.78	0.0
28	Y	30	76.94	70.51	8.357161424486604
29	N	31	62.32	46.23	25.818356867779208
30	R	32	232.26	142.57	38.616205976061316
31	E	33	79.36	0.17	99.78578629032258
32	E	34	29.56	14.37	51.38700947225981
33	I	35	16.5	16.5	0.0
34	V	36	0.5	0.17	65.99999999999999
35	R	37	83.98	0.0	100.0
36	F	38	1.7	0.0	100.0
37	D	39	9.49	0.0	100.0
38	S	40	30.76	0.0	100.0
39	D	41	70.9	0.0	100.0
40	V	42	67.77	0.0	100.0
41	G	43	15.34	0.0	100.0
42	E	44	64.69	0.0	100.0
43	F	45	12.41	2.19	82.3529411764706
44	R	46	137.41	0.0	100.0
45	A	47	38.4	0.0	100.0
46	V	48	78.48	0.0	100.0
47	T	49	37.72	0.0	100.0
48	L	50	150.36	0.0	100.0
49	L	51	104.91	75.04	28.472023639309878
50	G	52	0.0	0.0	28.472023639309878
51	L	53	104.09	0.0	100.0
52	P	54	95.02	55.18	41.928015154704276
53	A	55	20.94	20.94	0.0
54	A	56	6.02	0.0	100.0
55	E	57	129.42	0.0	100.0
56	Y	58	136.51	77.57	43.17632407882206
57	W	59	66.71	66.71	0.0
58	N	60	47.12	0.0	100.0
59	S	61	66.39	0.0	100.0
60	Q	62	67.86	14.46	78.69142351900973
61	K	63	171.65	0.0	100.0
62	D	64	123.06	88.17	28.35202340321794
63	I	65	55.58	55.58	0.0
64	L	66	22.6	0.0	100.0
65	E	67	97.51	40.82	58.13762691006051
66	R	68	152.48	152.48	0.0
67	K	69	49.02	43.9	10.44471644226847
68	R	70	129.59	0.0	100.0
69	A	71	32.8	15.27	53.44512195121951
70	A	72	13.41	9.37	30.12677106636839
71	V	73	15.07	0.0	100.0
72	D	74	78.15	23.68	69.69929622520795
73	R	75	154.2	154.2	0.0
74	V	76	63.02	63.02	0.0
75	C	77	0.17	0.17	0.0
76	R	78	98.59	0.0	100.0
77	H	79	101.46	77.96	23.161837177212696
78	N	80	61.93	61.93	0.0
79	Y	81	28.13	17.32	38.428723782438674
80	Q	82	87.97	0.0	100.0
81	L	83	78.96	66.61	15.640830800405261
82	E	84	64.19	57.26	10.79607415485278
83	L	85	70.54	0.0	100.0
84	R	86	154.87	35.25	77.2389746238781
85	T	87	79.86	76.29	4.470323065364379
86	T	88	31.01	28.44	8.287649145436957
87	L	89	77.38	40.99	47.02765572499354
88	Q	90	122.19	0.0	100.0
89	R	91	85.01	32.61	61.63980708151983
90	R	92	117.39	0.0	100.0
91	V	93	35.32	0.0	100.0
92	E	94	104.39	0.0	100.0
93	P	95	9.27	0.0	100.0
94	T	96	82.68	1.17	98.58490566037736
95	V	97	22.95	0.0	100.0
96	T	98	74.13	20.56	72.2649399703224
97	I	99	21.91	0.0	100.0
98	S	100	53.85	2.16	95.98885793871865
99	P	101	62.11	0.0	100.0
100	S	102	82.95	0.0	100.0
101	H	103	86.18	0.0	100.0
102	N	104	91.77	0.0	100.0
103	L	105	74.45	0.0	100.0
104	L	106	11.34	0.0	100.0
105	V	107	41.82	0.0	100.0
106	C	108	0.0	0.0	100.0
107	S	109	28.43	16.91	40.5205768554344
108	V	110	0.0	0.0	40.5205768554344
109	T	111	35.76	33.53	6.236017897091714
110	D	112	67.59	33.74	50.081372984169256
111	F	113	0.0	0.0	50.081372984169256
112	Y	114	32.69	22.21	32.05873355766289
113	P	115	33.78	0.0	100.0
114	A	116	36.72	0.0	100.0
115	Q	117	109.72	0.0	100.0
116	I	118	29.34	0.0	100.0
117	K	119	104.73	0.0	100.0
118	V	120	22.42	0.0	100.0
119	R	121	63.53	0.0	100.0
120	W	122	2.62	0.0	100.0
121	F	123	40.06	0.0	100.0
122	R	124	61.92	0.0	100.0
123	N	125	71.17	0.0	100.0
124	D	126	137.4	0.0	100.0
125	Q	127	58.68	0.0	100.0
126	E	128	82.42	0.0	100.0
127	E	129	54.89	0.0	100.0
128	T	130	106.88	0.0	100.0
129	A	131	106.86	0.0	100.0
130	G	132	33.41	0.0	100.0
131	V	133	51.92	0.0	100.0
132	V	134	124.34	0.0	100.0
133	S	135	56.15	0.0	100.0
134	T	136	53.05	0.0	100.0
135	P	137	108.19	0.0	100.0
136	L	138	70.09	0.0	100.0
137	I	139	60.95	25.97	57.391304347826086
138	R	140	178.32	116.45	34.696052041274115
139	N	141	61.15	61.15	0.0
140	G	142	58.99	49.77	15.629767757246988
141	D	143	96.67	43.01	55.508430743767455
142	W	144	141.81	137.32	3.1662083068895064
143	T	145	16.8	3.36	80.0
144	F	146	10.64	4.08	61.65413533834586
145	Q	147	47.65	38.97	18.216159496327386
146	I	148	17.41	0.0	100.0
147	L	149	56.07	0.0	100.0
148	V	150	9.24	0.0	100.0
149	L	152	9.01	0.0	100.0
150	E	153	105.04	0.0	100.0
151	T	155	111.1	0.0	100.0
152	P	156	62.68	0.0	100.0
153	Q	157	98.27	0.0	100.0
154	R	158	236.85	0.0	100.0
155	G	159	74.39	0.0	100.0
156	D	160	11.66	0.0	100.0
157	V	161	28.3	0.0	100.0
158	Y	162	13.79	0.0	100.0
159	T	163	19.32	0.0	100.0
160	C	164	0.0	0.0	100.0
161	H	165	34.07	0.0	100.0
162	V	166	0.0	0.0	100.0
163	E	167	60.62	0.0	100.0
164	H	168	7.82	0.0	100.0
165	P	169	61.52	0.0	100.0
166	S	170	26.7	0.0	100.0
167	L	171	44.66	0.0	100.0
168	Q	172	199.51	0.0	100.0
169	S	173	76.52	0.0	100.0
170	P	174	56.45	0.0	100.0
171	I	175	56.57	0.0	100.0
172	T	176	63.37	0.0	100.0
173	V	177	40.86	0.0	100.0
174	E	178	85.23	0.0	100.0
175	W	179	50.05	0.0	100.0
176	R	180	155.76	0.0	100.0
177	A	181	92.82	0.0	100.0
