	Residue	No	ASA	BSA	Availability
0	I	1	236.4	58.53	75.24111675126903
1	V	2	143.33	2.24	98.43717295751063
2	A	3	81.5	48.38	40.638036809815944
3	D	4	137.59	52.1	62.13387600843085
4	H	5	119.38	73.72	38.2476126654381
5	V	6	107.25	40.08	62.62937062937063
6	A	7	34.7	31.07	10.46109510086456
7	S	8	33.78	15.04	55.476613380698645
8	Y	9	144.82	144.82	0.0
9	G	10	22.07	22.07	0.0
10	V	11	18.26	18.26	0.0
11	N	12	47.19	47.19	0.0
12	L	13	24.77	19.75	20.26645135244247
13	Y	14	38.53	18.5	51.98546587075007
14	Q	15	28.9	22.04	23.737024221453286
15	S	16	79.45	38.8	51.1642542479547
16	Y	17	127.6	27.03	78.81661442006269
17	G	18	65.95	0.0	100.0
18	P	19	90.01	0.0	100.0
19	S	20	53.24	0.0	100.0
20	G	21	22.2	0.0	100.0
21	Q	22	24.58	0.0	100.0
22	Y	23	8.63	7.95	7.879490150637318
23	T	24	0.84	0.0	100.0
24	H	25	22.16	22.16	0.0
25	E	26	9.19	0.0	100.0
26	F	27	80.41	79.63	0.9700286034075378
27	D	28	72.07	31.58	56.181490217843766
28	G	29	39.84	15.05	62.22389558232931
29	D	30	101.54	99.67	1.8416387630490492
30	E	31	19.36	12.9	33.36776859504132
31	Q	32	37.73	29.31	22.316459051152925
32	F	33	4.85	3.91	19.381443298969064
33	Y	34	66.74	0.0	100.0
34	V	35	5.4	0.0	100.0
35	D	36	42.24	0.0	100.0
36	L	37	43.68	0.0	100.0
37	G	38	72.45	0.0	100.0
38	R	39	189.4	0.0	100.0
39	K	40	115.97	14.01	87.91928947141501
40	E	41	67.59	0.0	100.0
41	T	42	26.65	0.0	100.0
42	V	43	50.27	0.0	100.0
43	W	44	36.57	9.7	73.47552638774953
44	C	45	62.62	8.04	87.16065154902587
45	L	46	95.99	90.29	5.9381185540160315
46	P	47	85.34	0.17	99.800796812749
47	V	48	93.94	29.78	68.29891420055354
48	L	49	21.85	18.58	14.965675057208253
49	R	50	121.25	0.0	100.0
50	Q	51	121.84	19.48	84.0118187787262
51	F	52	109.1	97.0	11.090742438130151
52	R	53	200.02	21.83	89.08609139086091
53	F	54	39.84	30.84	22.590361445783138
54	D	55	73.53	13.98	80.98735210118319
55	P	56	29.46	0.0	100.0
56	Q	57	91.66	43.88	52.127427449269035
57	F	58	123.87	123.87	0.0
58	A	59	0.0	0.0	0.0
59	L	60	37.55	3.86	89.72037283621837
60	T	61	78.34	78.34	0.0
61	N	62	51.93	51.93	0.0
62	I	63	16.9	0.0	100.0
63	A	64	59.91	35.61	40.56084126189284
64	V	65	82.91	82.91	0.0
65	L	66	45.38	45.38	0.0
66	K	67	108.69	29.83	72.55497285858866
67	H	68	133.09	101.08	24.051393793673455
68	N	69	70.4	70.4	0.0
69	L	70	48.06	45.04	6.283811901789436
70	N	71	90.0	16.63	81.52222222222223
71	S	72	41.8	38.98	6.746411483253589
72	L	73	96.02	96.02	0.0
73	I	74	62.38	27.64	55.69092657903174
74	K	75	173.48	22.33	87.12819921604795
75	R	76	187.16	110.84	40.7779440051293
76	S	77	42.9	28.98	32.44755244755245
77	N	78	142.46	0.0	100.0
78	S	79	75.67	21.45	71.65323113519227
79	T	80	110.35	32.59	70.46669687358404
80	A	81	87.41	48.5	44.51435762498569
81	A	82	59.89	45.85	23.4429787944565
82	T	83	94.37	0.0	100.0
83	N	84	70.72	9.31	86.83540723981899
84	E	85	75.71	25.42	66.42451459516576
85	V	86	99.52	0.0	100.0
86	P	87	6.32	0.0	100.0
87	E	88	107.98	0.0	100.0
88	V	89	11.48	0.0	100.0
89	T	90	50.93	0.0	100.0
90	V	91	24.65	0.0	100.0
91	F	92	91.48	51.69	43.49584608657631
92	S	93	30.65	9.2	69.9836867862969
93	K	94	140.19	105.81	24.523860475069544
94	S	95	51.45	16.84	67.26919339164237
95	P	96	121.91	70.79	41.93257320974489
96	V	97	50.99	0.0	100.0
97	T	98	76.79	0.0	100.0
98	L	99	90.74	0.0	100.0
99	G	100	53.43	0.0	100.0
100	Q	101	125.76	0.0	100.0
101	P	102	96.75	0.0	100.0
102	N	103	15.04	0.0	100.0
103	I	104	51.72	2.35	95.45630317092034
104	L	105	0.0	0.0	95.45630317092034
105	I	106	19.92	19.92	0.0
106	C	107	0.0	0.0	0.0
107	L	108	36.66	3.52	90.39825422804145
108	V	109	0.0	0.0	90.39825422804145
109	D	110	28.94	0.0	100.0
110	N	111	47.4	4.86	89.74683544303798
111	I	112	0.0	0.0	89.74683544303798
112	F	113	58.24	55.89	4.035027472527474
113	P	114	10.19	9.68	5.004906771344453
114	P	115	4.76	2.8	41.1764705882353
115	V	116	29.24	0.51	98.25581395348837
116	V	117	23.0	0.0	100.0
117	N	118	90.31	0.0	100.0
118	I	119	17.51	0.0	100.0
119	T	120	45.91	0.0	100.0
120	W	121	1.32	0.0	100.0
121	L	122	20.58	0.0	100.0
122	S	123	20.85	0.0	100.0
123	N	124	140.86	0.0	100.0
124	G	125	62.93	0.0	100.0
125	H	126	140.4	0.0	100.0
126	S	127	75.92	0.0	100.0
127	V	128	37.75	0.0	100.0
128	T	129	112.69	0.0	100.0
129	E	130	148.06	0.0	100.0
130	G	131	30.41	0.0	100.0
131	V	132	56.05	0.0	100.0
132	S	133	63.68	0.0	100.0
133	E	134	89.03	0.0	100.0
134	T	135	27.83	11.55	58.498023715415016
135	S	136	14.52	0.0	100.0
136	F	137	24.25	0.0	100.0
137	L	138	7.62	2.43	68.11023622047243
138	S	139	36.6	15.26	58.30601092896176
139	K	140	63.83	3.96	93.79602067993108
140	S	141	111.82	0.67	99.40082275084958
141	D	142	92.42	34.9	62.23761090673015
142	H	143	148.14	129.41	12.643445389496415
143	S	144	6.78	6.66	1.7699115044247802
144	F	145	15.43	15.43	0.0
145	F	146	41.58	16.59	60.1010101010101
146	K	147	21.85	0.0	100.0
147	I	148	28.45	28.11	1.1950790861159926
148	S	149	1.11	0.0	100.0
149	Y	150	64.57	41.6	35.573795880439825
150	L	151	0.84	0.0	100.0
151	T	152	74.08	0.0	100.0
152	L	153	12.19	0.0	100.0
153	L	154	111.1	0.0	100.0
154	P	155	2.58	0.0	100.0
155	S	156	36.97	0.0	100.0
156	A	157	43.29	0.0	100.0
157	E	158	156.73	0.0	100.0
158	E	159	81.18	0.0	100.0
159	S	160	24.89	0.0	100.0
160	Y	161	16.07	0.0	100.0
161	D	162	22.08	0.0	100.0
162	C	163	0.0	0.0	100.0
163	K	164	53.76	0.0	100.0
164	V	165	0.0	0.0	100.0
165	E	166	64.7	0.0	100.0
166	H	167	10.21	0.0	100.0
167	W	168	126.53	57.41	54.627361100134365
168	G	169	17.73	0.0	100.0
169	L	170	26.22	0.0	100.0
170	D	171	156.4	0.0	100.0
171	K	172	162.59	0.0	100.0
172	P	173	58.87	0.0	100.0
173	L	174	48.54	0.0	100.0
174	L	175	87.25	0.0	100.0
175	K	176	87.17	0.0	100.0
176	H	177	96.39	0.0	100.0
177	W	178	30.5	0.0	100.0
178	E	179	103.57	0.0	100.0
179	P	180	6.69	0.0	100.0
180	E	181	195.3	0.0	100.0
