	Residue	No	ASA	BSA	Availability
0	K	1	197.15	0.0	100.0
1	T	2	34.29	0.0	100.0
2	T	3	91.06	0.0	100.0
3	Q	4	31.17	0.0	100.0
4	P	5	56.96	0.0	100.0
5	I	6	145.28	0.0	100.0
6	S	7	70.23	0.0	100.0
7	D	9	118.46	0.0	100.0
8	S	10	25.87	0.0	100.0
9	Y	11	79.11	0.0	100.0
10	E	12	29.36	0.0	100.0
11	G	13	34.71	0.0	100.0
12	Q	14	93.24	0.0	100.0
13	E	15	119.18	0.0	100.0
14	V	16	16.23	0.0	100.0
15	N	17	76.69	0.0	100.0
16	I	18	5.69	0.0	100.0
17	T	19	80.54	0.0	100.0
18	C	20	0.31	0.0	100.0
19	S	21	35.66	0.0	100.0
20	H	22	4.96	0.0	100.0
21	N	23	86.79	0.0	100.0
22	N	24	150.63	0.0	100.0
23	I	25	33.71	0.0	100.0
24	A	26	36.61	0.0	100.0
25	T	27	113.86	12.3	89.1972597927279
26	N	28	112.02	112.02	0.0
27	D	29	4.66	0.0	100.0
28	Y	30	100.78	100.09	0.6846596546933893
29	I	31	0.0	0.0	0.6846596546933893
30	T	32	4.92	4.79	2.6422764227642253
31	W	33	0.0	0.0	2.6422764227642253
32	Y	34	36.73	36.37	0.9801252382248828
33	Q	35	9.97	0.0	100.0
34	Q	36	48.07	36.58	23.90264198044519
35	F	37	30.06	0.0	100.0
36	P	38	125.28	31.76	74.64878671775223
37	S	39	118.51	63.76	46.1986330267488
38	Q	40	115.42	25.24	78.13203950788426
39	G	41	53.87	42.77	20.60516057174679
40	P	42	55.77	52.47	5.917159763313617
41	R	43	144.82	0.0	100.0
42	F	44	113.75	96.12	15.498901098901094
43	I	45	14.46	3.07	78.76901798063624
44	I	46	4.18	1.5	64.11483253588517
45	Q	47	76.27	76.27	0.0
46	G	48	4.35	3.35	22.98850574712643
47	Y	49	74.15	60.33	18.637896156439655
48	K	50	111.64	11.04	90.1110713006091
49	T	51	106.64	3.85	96.38972243060766
50	K	52	115.32	0.37	99.67915365938258
51	V	53	58.11	34.33	40.92238857339529
52	T	54	92.5	0.61	99.34054054054054
53	N	55	57.49	8.87	84.57122977909202
54	E	56	165.42	0.0	100.0
55	V	57	82.57	0.0	100.0
56	A	58	1.05	0.0	100.0
57	S	59	13.08	0.0	100.0
58	L	60	0.0	0.0	100.0
59	F	61	85.48	0.0	100.0
60	I	62	20.93	0.0	100.0
61	P	63	54.31	0.0	100.0
62	A	64	108.22	0.0	100.0
63	D	65	96.17	0.0	100.0
64	R	66	14.06	0.0	100.0
65	K	67	96.85	0.0	100.0
66	S	68	50.17	0.0	100.0
67	S	69	0.68	0.0	100.0
68	T	70	25.34	0.0	100.0
69	L	71	0.0	0.0	100.0
70	S	72	11.02	0.0	100.0
71	L	73	8.87	0.0	100.0
72	P	74	83.0	0.0	100.0
73	R	75	200.84	0.0	100.0
74	V	76	1.76	0.0	100.0
75	S	77	46.49	0.0	100.0
76	L	78	38.89	0.0	100.0
77	S	79	81.4	0.0	100.0
78	D	80	36.48	0.0	100.0
79	T	81	57.83	0.0	100.0
80	A	82	4.95	0.0	100.0
81	V	83	36.48	0.0	100.0
82	Y	84	1.74	0.0	100.0
83	Y	85	29.88	22.72	23.96251673360107
84	C	86	1.22	0.0	100.0
85	L	87	2.51	0.0	100.0
86	V	88	19.99	0.0	100.0
87	G	89	0.61	0.61	0.0
88	D	90	27.2	27.2	0.0
89	G	91	31.25	30.02	3.9360000000000013
90	G	92	5.64	0.17	96.98581560283688
91	S	93	97.9	58.4	40.34729315628193
92	F	94	212.72	212.72	0.0
93	S	95	84.95	80.79	4.896998234255441
94	G	96	52.15	36.55	29.913710450623203
95	G	97	25.14	11.88	52.74463007159904
96	Y	98	203.97	1.31	99.35774868853262
97	N	99	28.19	0.0	100.0
98	K	100	125.24	50.94	59.32609389971255
99	L	101	52.75	45.89	13.004739336492891
100	I	102	108.32	2.34	97.8397341211226
101	F	103	100.33	87.68	12.608392305392197
102	G	104	34.73	9.13	73.71148862654763
103	A	105	101.03	8.41	91.67573987924379
104	G	106	7.54	0.0	100.0
105	T	107	7.3	0.0	100.0
106	R	108	144.94	0.0	100.0
107	L	109	9.57	0.0	100.0
108	A	110	26.25	0.0	100.0
109	V	111	6.39	0.0	100.0
110	H	112	38.19	0.0	100.0
111	P	113	0.67	0.0	100.0
112	Y	114	102.59	0.0	100.0
113	I	115	28.46	0.0	100.0
114	Q	116	155.67	0.0	100.0
115	N	117	127.6	0.0	100.0
116	P	118	59.96	0.0	100.0
117	D	119	99.0	35.19	64.45454545454545
118	P	120	15.05	0.0	100.0
119	A	121	2.02	0.85	57.920792079207914
120	V	122	2.38	0.0	100.0
121	Y	123	87.34	82.48	5.564460728188687
122	Q	124	76.64	18.74	75.54801670146138
123	L	125	75.52	75.39	0.17213983050846857
124	R	126	192.68	73.66	61.77081170853228
125	D	127	80.65	7.11	91.18412895226287
126	S	128	141.41	46.92	66.81988543950216
127	D	129	148.44	5.31	96.42279708973322
128	K	130	77.28	42.71	44.73343685300207
129	S	131	33.83	0.0	100.0
130	V	132	41.11	40.49	1.5081488688883422
131	C	133	0.0	0.0	1.5081488688883422
132	L	134	35.48	35.14	0.9582863585118274
133	F	135	0.0	0.0	0.9582863585118274
134	T	136	24.57	22.11	10.012210012210016
135	D	137	42.57	28.07	34.061545689452664
136	F	138	0.17	0.0	100.0
137	D	139	39.9	0.0	100.0
138	S	140	9.27	0.0	100.0
139	Q	141	142.73	0.0	100.0
140	T	142	21.46	0.0	100.0
141	N	143	89.95	0.0	100.0
142	V	144	13.35	0.0	100.0
143	S	145	46.44	0.0	100.0
144	Q	146	143.07	0.0	100.0
145	S	147	36.56	0.0	100.0
146	K	148	168.48	0.0	100.0
147	D	149	75.68	0.0	100.0
148	S	150	91.45	21.32	76.6867140513942
149	D	151	84.43	0.0	100.0
150	V	152	26.43	0.0	100.0
151	Y	153	113.84	72.65	36.18236120871398
152	I	154	28.55	8.57	69.98248686514886
153	T	155	52.54	48.68	7.346783403121431
154	D	156	108.92	11.88	89.09291222915901
155	K	157	31.85	3.54	88.88540031397174
156	C	158	78.5	63.98	18.49681528662421
157	V	159	61.06	7.98	86.93088765149032
158	L	160	100.75	95.05	5.657568238213402
159	D	161	72.09	28.8	60.04993757802747
160	R	163	218.91	58.5	73.27668905029464
161	S	164	148.09	11.35	92.33574177864813
162	D	166	155.74	0.0	100.0
163	F	167	127.15	45.2	64.45143531262289
164	K	168	54.21	0.0	100.0
165	S	169	5.84	4.3	26.36986301369863
166	N	170	2.09	0.0	100.0
167	S	171	21.83	17.98	17.636280348144748
168	A	172	0.67	0.67	0.0
169	V	173	53.05	53.05	0.0
170	A	174	0.0	0.0	0.0
171	W	175	70.84	66.2	6.549971767363072
172	S	176	1.41	0.0	100.0
173	N	177	95.5	0.0	100.0
174	K	178	68.3	0.0	100.0
175	S	179	108.38	0.0	100.0
176	D	180	122.88	0.0	100.0
177	F	181	33.23	0.0	100.0
178	A	182	47.93	0.0	100.0
179	C	183	30.63	0.0	100.0
180	A	184	70.86	0.0	100.0
181	N	185	100.29	0.0	100.0
182	A	186	3.38	0.0	100.0
183	F	187	11.96	0.0	100.0
184	N	188	93.57	0.0	100.0
185	N	189	38.67	0.0	100.0
186	S	190	30.29	0.0	100.0
187	I	191	122.32	0.0	100.0
188	I	192	13.23	0.0	100.0
189	P	193	54.32	0.0	100.0
190	E	194	114.81	0.0	100.0
191	D	195	82.67	0.0	100.0
192	T	196	17.42	0.0	100.0
193	F	197	119.43	40.1	66.42384660470569
194	F	198	98.48	0.0	100.0
195	P	199	137.18	18.58	86.45575156728387
