	Residue	No	ASA	BSA	Availability
0	S	1	160.61	0.0	100.0
1	P	2	135.95	85.35	37.21956601691798
2	E	3	145.83	34.6	76.27374339984915
3	D	4	111.04	108.27	2.4945965417867524
4	F	5	133.64	116.76	12.630948817719235
5	V	6	62.14	62.14	0.0
6	Y	7	126.69	126.69	0.0
7	Q	8	59.96	59.96	0.0
8	F	9	119.23	119.23	0.0
9	K	10	108.64	90.51	16.688144329896904
10	G	11	59.27	59.27	0.0
11	C	13	47.19	44.57	5.552023733841911
12	Y	14	115.18	79.4	31.064420906407364
13	F	15	74.83	74.36	0.6280903380996911
14	T	16	87.31	42.45	51.38013973198946
15	N	17	108.17	12.11	88.80465933253213
16	G	18	32.51	3.02	90.71055059981545
17	T	19	79.12	0.0	100.0
18	E	20	133.53	0.0	100.0
19	R	21	103.93	0.0	100.0
20	V	22	11.61	0.0	100.0
21	R	23	77.59	20.61	73.43729862095631
22	L	24	4.52	4.52	0.0
23	V	25	9.16	0.83	90.93886462882097
24	S	26	6.61	4.42	33.13161875945537
25	R	27	61.32	15.1	75.3750815394651
26	S	28	6.32	0.0	100.0
27	I	29	11.5	11.5	0.0
28	Y	30	76.56	71.14	7.079414838035531
29	N	31	56.97	44.65	21.625416886080394
30	R	32	238.19	154.87	34.980477769847596
31	E	33	77.64	0.0	100.0
32	E	34	31.13	14.13	54.609701252810794
33	I	35	16.67	16.67	0.0
34	V	36	0.51	0.34	33.33333333333333
35	R	37	77.62	0.0	100.0
36	F	38	0.46	0.0	100.0
37	D	39	9.64	0.0	100.0
38	S	40	30.45	0.0	100.0
39	D	41	80.96	0.0	100.0
40	V	42	64.45	0.0	100.0
41	G	43	15.65	0.0	100.0
42	E	44	58.21	0.0	100.0
43	F	45	9.0	0.62	93.11111111111113
44	R	46	135.17	0.0	100.0
45	A	47	36.9	0.0	100.0
46	V	48	67.11	0.0	100.0
47	T	49	38.08	0.0	100.0
48	L	50	146.31	0.24	99.83596473241747
49	L	51	110.01	74.58	32.206163076083996
50	G	52	0.0	0.0	32.206163076083996
51	L	53	80.31	0.0	100.0
52	P	54	92.62	57.22	38.22068667674369
53	A	55	22.42	22.42	0.0
54	A	56	4.31	0.0	100.0
55	E	57	122.87	0.0	100.0
56	Y	58	128.73	41.81	67.52116833682902
57	W	59	65.09	65.09	0.0
58	N	60	45.99	0.0	100.0
59	S	61	76.49	0.0	100.0
60	Q	62	67.47	0.0	100.0
61	K	63	168.41	0.0	100.0
62	D	64	95.19	0.0	100.0
63	I	65	57.18	39.59	30.76250437215809
64	L	66	18.0	0.0	100.0
65	E	67	88.97	0.0	100.0
66	R	68	157.95	22.48	85.76764798987023
67	K	69	48.63	44.31	8.883405305367058
68	R	70	103.92	0.0	100.0
69	A	71	49.23	0.0	100.0
70	A	72	9.21	9.21	0.0
71	V	73	15.41	0.0	100.0
72	D	74	84.19	0.0	100.0
73	R	75	169.55	103.25	39.1035092892952
74	V	76	39.5	39.5	0.0
75	C	77	0.0	0.0	0.0
76	R	78	101.93	0.0	100.0
77	H	79	103.53	37.07	64.19395344344635
78	N	80	61.02	61.02	0.0
79	Y	81	23.7	14.46	38.98734177215189
80	Q	82	83.51	0.0	100.0
81	L	83	74.24	62.52	15.786637931034472
82	E	84	59.45	52.97	10.899915895710688
83	L	85	71.64	0.0	100.0
84	R	86	175.52	31.89	81.83113035551503
85	T	87	84.73	81.53	3.7767024666588016
86	T	88	43.39	41.86	3.5261581009449205
87	L	89	76.77	46.03	40.041682949068644
88	Q	90	118.91	0.0	100.0
89	R	91	81.81	25.44	68.90355702236891
90	R	92	128.07	0.0	100.0
91	V	93	45.17	0.0	100.0
92	E	94	106.56	0.0	100.0
93	P	95	7.35	0.0	100.0
94	T	96	85.37	0.0	100.0
95	V	97	22.1	0.0	100.0
96	T	98	67.63	20.54	69.62886293065208
97	I	99	23.41	0.0	100.0
98	S	100	52.79	2.66	94.96116688766811
99	P	101	65.12	0.0	100.0
100	S	102	83.17	0.0	100.0
101	H	103	102.85	0.0	100.0
102	N	104	91.52	0.0	100.0
103	L	105	63.43	0.0	100.0
104	L	106	11.17	0.0	100.0
105	V	107	33.04	0.0	100.0
106	C	108	0.0	0.0	100.0
107	S	109	25.77	16.21	37.09740007760962
108	V	110	0.0	0.0	37.09740007760962
109	T	111	37.58	34.09	9.286854709952088
110	D	112	70.78	36.06	49.05340491664312
111	F	113	0.0	0.0	49.05340491664312
112	Y	114	38.32	27.23	28.940501043841337
113	P	115	32.72	0.0	100.0
114	A	116	36.09	0.0	100.0
115	Q	117	130.74	0.0	100.0
116	I	118	41.2	0.0	100.0
117	K	119	97.03	0.0	100.0
118	V	120	18.15	0.0	100.0
119	R	121	76.6	0.0	100.0
120	W	122	2.91	0.0	100.0
121	F	123	37.9	0.0	100.0
122	R	124	76.84	0.0	100.0
123	N	125	66.44	0.0	100.0
124	D	126	141.18	0.0	100.0
125	Q	127	59.84	0.0	100.0
126	E	128	84.1	0.0	100.0
127	E	129	53.91	0.0	100.0
128	T	130	99.18	0.0	100.0
129	A	131	111.15	0.0	100.0
130	G	132	31.7	0.0	100.0
131	V	133	46.47	0.0	100.0
132	V	134	118.61	0.0	100.0
133	S	135	56.42	0.0	100.0
134	T	136	45.61	0.0	100.0
135	P	137	111.58	0.0	100.0
136	L	138	74.02	0.0	100.0
137	I	139	55.24	22.59	59.10572049239682
138	R	140	182.48	109.09	40.2181060938185
139	N	141	55.41	55.41	0.0
140	G	142	60.15	49.76	17.273482959268495
141	D	143	96.69	45.6	52.83896990381631
142	W	144	144.41	140.39	2.7837407381760335
143	T	145	15.9	3.57	77.54716981132074
144	F	146	15.13	4.34	71.31526768010575
145	Q	147	44.02	38.42	12.72149023171286
146	I	148	20.26	0.0	100.0
147	L	149	53.0	0.0	100.0
148	V	150	11.57	0.0	100.0
149	L	152	9.15	0.0	100.0
150	E	153	96.94	0.0	100.0
151	T	155	131.51	0.0	100.0
152	P	156	60.45	0.0	100.0
153	Q	157	108.39	0.0	100.0
154	R	158	237.45	0.0	100.0
155	G	159	69.36	0.0	100.0
156	D	160	3.48	0.0	100.0
157	V	161	27.56	0.0	100.0
158	Y	162	11.32	0.0	100.0
159	T	163	25.23	0.0	100.0
160	C	164	0.0	0.0	100.0
161	H	165	42.98	0.0	100.0
162	V	166	0.0	0.0	100.0
163	E	167	62.22	0.0	100.0
164	H	168	12.09	0.0	100.0
165	P	169	55.42	0.0	100.0
166	S	170	19.99	0.0	100.0
167	L	171	24.79	0.0	100.0
168	Q	172	191.99	0.0	100.0
169	S	173	78.81	0.0	100.0
170	P	174	59.35	0.0	100.0
171	I	175	48.68	0.0	100.0
172	T	176	76.3	0.0	100.0
173	V	177	34.97	0.0	100.0
174	E	178	96.13	0.0	100.0
175	W	179	57.25	0.0	100.0
176	R	180	158.81	0.0	100.0
177	A	181	91.03	0.0	100.0
