	Residue	No	ASA	BSA	Availability
0	I	1	210.93	75.17	64.36258474375384
1	V	2	151.27	22.15	85.35730812454551
2	A	3	72.68	38.92	46.45019262520639
3	D	4	139.71	45.11	67.71168849760217
4	H	5	121.82	72.79	40.24790674766047
5	V	6	106.4	44.19	58.468045112781965
6	A	7	35.36	31.26	11.595022624434383
7	S	8	40.87	18.66	54.343038903841446
8	Y	9	146.26	146.26	0.0
9	G	10	23.93	23.93	0.0
10	V	11	16.58	16.42	0.9650180940892437
11	N	12	46.87	46.87	0.0
12	L	13	22.45	18.43	17.906458797327392
13	Y	14	35.66	18.81	47.25182277061133
14	Q	15	25.45	17.72	30.373280943025545
15	S	16	82.99	42.88	48.331124231835155
16	Y	17	126.98	33.63	73.51551425421326
17	G	18	70.63	0.0	100.0
18	P	19	89.69	0.0	100.0
19	S	20	51.17	0.0	100.0
20	G	21	28.22	0.0	100.0
21	Q	22	27.34	0.0	100.0
22	Y	23	4.14	3.19	22.94685990338164
23	T	24	1.17	0.0	100.0
24	H	25	20.51	20.51	0.0
25	E	26	7.05	0.0	100.0
26	F	27	84.39	81.74	3.1401824860765557
27	D	28	75.93	36.35	52.12695904122218
28	G	29	39.35	14.67	62.71918678526048
29	D	30	111.91	110.78	1.0097399696184393
30	E	31	21.41	13.28	37.972909855207845
31	Q	32	31.65	25.84	18.357030015797786
32	F	33	6.87	5.32	22.56186317321688
33	Y	34	79.32	0.0	100.0
34	V	35	5.82	0.0	100.0
35	D	36	45.59	0.0	100.0
36	L	37	43.93	0.0	100.0
37	G	38	55.43	0.0	100.0
38	R	39	181.53	0.0	100.0
39	K	40	122.03	0.0	100.0
40	E	41	70.22	0.0	100.0
41	T	42	29.14	0.0	100.0
42	V	43	53.59	0.0	100.0
43	W	44	44.57	9.46	78.77496073592101
44	C	45	77.06	6.5	91.56501427459122
45	L	46	84.77	78.75	7.10156895127993
46	P	47	79.73	1.34	98.31932773109243
47	V	48	105.66	33.43	68.36077985992807
48	L	49	30.21	25.24	16.451506123800076
49	R	50	142.91	0.0	100.0
50	Q	51	129.48	24.59	81.0086499845536
51	F	52	109.93	97.59	11.22532520694988
52	R	53	203.27	30.1	85.19210901756286
53	F	54	51.2	35.66	30.35156250000001
54	D	55	102.59	25.57	75.07554342528512
55	P	56	26.44	0.0	100.0
56	Q	57	104.87	67.89	35.26270620768571
57	F	58	104.06	104.06	0.0
58	A	59	0.0	0.0	0.0
59	L	60	49.15	0.0	100.0
60	T	61	70.47	70.47	0.0
61	N	62	39.18	39.18	0.0
62	I	63	13.38	0.0	100.0
63	A	64	56.34	25.24	55.200567980120695
64	V	65	79.05	79.05	0.0
65	L	66	51.06	51.06	0.0
66	K	67	99.78	7.18	92.80416917217879
67	H	68	117.21	107.4	8.369593038136667
68	N	69	70.33	70.33	0.0
69	L	70	53.59	51.92	3.116253032282145
70	N	71	92.12	0.0	100.0
71	S	72	38.97	21.41	45.06030279702335
72	L	73	108.64	108.64	0.0
73	I	74	73.23	32.36	55.810460193909606
74	K	75	173.96	0.0	100.0
75	R	76	201.71	114.63	43.170888899905805
76	S	77	46.61	27.26	41.51469641707788
77	N	78	138.34	0.0	100.0
78	S	79	84.83	22.08	73.97147235647766
79	T	80	105.5	36.01	65.86729857819907
80	A	81	95.23	63.13	33.70786516853933
81	A	82	51.25	35.57	30.59512195121951
82	T	83	113.57	1.47	98.70564409615216
83	N	84	74.81	14.03	81.24582275096913
84	E	85	85.84	24.31	71.67986952469711
85	V	86	100.66	0.0	100.0
86	P	87	1.23	0.0	100.0
87	E	88	84.71	0.0	100.0
88	V	89	10.13	0.0	100.0
89	T	90	48.08	0.84	98.25291181364392
90	V	91	22.09	0.0	100.0
91	F	92	89.11	51.38	42.34092694422623
92	S	93	29.74	10.68	64.08876933423
93	K	94	139.91	111.22	20.50603959688371
94	S	95	48.6	14.44	70.28806584362141
95	P	96	119.02	67.37	43.39606788774995
96	V	97	62.93	0.0	100.0
97	T	98	57.92	0.0	100.0
98	L	99	111.89	0.0	100.0
99	G	100	55.69	0.0	100.0
100	Q	101	116.42	0.0	100.0
101	P	102	100.53	0.0	100.0
102	N	103	11.37	0.0	100.0
103	I	104	55.02	3.16	94.25663395129044
104	L	105	0.84	0.0	100.0
105	I	106	19.87	19.87	0.0
106	C	107	0.0	0.0	0.0
107	L	108	27.77	6.52	76.5214259992798
108	V	109	0.0	0.0	76.5214259992798
109	D	110	22.8	0.0	100.0
110	N	111	32.07	0.97	96.97536638603056
111	I	112	0.0	0.0	96.97536638603056
112	F	113	64.58	64.1	0.7432641684732176
113	P	114	16.49	15.98	3.0927835051546273
114	P	115	7.87	4.55	42.18551461245235
115	V	116	30.91	0.0	100.0
116	V	117	22.19	0.0	100.0
117	N	118	90.11	0.0	100.0
118	I	119	21.06	0.0	100.0
119	T	120	39.86	0.0	100.0
120	W	121	5.39	0.0	100.0
121	L	122	33.1	0.0	100.0
122	S	123	16.43	0.0	100.0
123	N	124	118.16	0.0	100.0
124	G	125	87.68	0.0	100.0
125	H	126	138.64	0.0	100.0
126	S	127	58.63	0.0	100.0
127	V	128	37.36	0.0	100.0
128	T	129	115.07	0.0	100.0
129	E	130	155.04	0.0	100.0
130	G	131	31.31	0.0	100.0
131	V	132	59.28	0.0	100.0
132	S	133	62.74	0.0	100.0
133	E	134	93.0	0.0	100.0
134	T	135	19.07	6.52	65.81017304667016
135	S	136	20.36	0.0	100.0
136	F	137	27.73	0.0	100.0
137	L	138	6.53	1.17	82.08269525267994
138	S	139	37.12	17.12	53.87931034482758
139	K	140	71.25	5.49	92.29473684210528
140	S	141	104.23	5.65	94.57929578816079
141	D	142	88.31	32.76	62.903408447514444
142	H	143	152.13	137.04	9.919148097022285
143	S	144	8.35	8.35	0.0
144	F	145	19.27	19.27	0.0
145	F	146	43.0	23.29	45.83720930232558
146	K	147	26.12	0.0	100.0
147	I	148	27.11	26.95	0.590188122464036
148	S	149	1.72	0.0	100.0
149	Y	150	64.63	42.58	34.117282995512916
150	L	151	2.33	0.0	100.0
151	T	152	83.16	0.0	100.0
152	L	153	18.53	0.0	100.0
153	L	154	102.25	0.0	100.0
154	P	155	8.19	0.0	100.0
155	S	156	27.74	0.0	100.0
156	A	157	99.98	0.0	100.0
157	E	158	142.07	0.0	100.0
158	E	159	62.26	0.0	100.0
159	S	160	29.83	0.0	100.0
160	Y	161	16.91	0.0	100.0
161	D	162	32.29	0.0	100.0
162	C	163	0.0	0.0	100.0
163	K	164	56.51	0.0	100.0
164	V	165	0.0	0.0	100.0
165	E	166	63.25	0.0	100.0
166	H	167	17.03	0.0	100.0
167	W	168	122.54	62.37	49.10233393177738
168	G	169	19.88	0.0	100.0
169	L	170	38.92	0.0	100.0
170	D	171	162.22	0.0	100.0
171	K	172	140.17	0.0	100.0
172	P	173	64.76	0.0	100.0
173	L	174	37.51	0.0	100.0
174	L	175	90.8	0.0	100.0
175	K	176	86.55	0.0	100.0
176	H	177	98.34	0.0	100.0
177	W	178	29.1	0.0	100.0
178	E	179	107.41	0.0	100.0
179	P	180	23.18	0.0	100.0
180	E	181	210.21	0.0	100.0
