	Residue	No	ASA	BSA	Availability
0	S	1	162.74	0.0	100.0
1	P	2	142.98	79.62	44.31389005455308
2	E	3	146.1	33.79	76.87200547570157
3	D	4	114.66	110.83	3.3403104831676247
4	F	5	138.83	119.29	14.074767701505442
5	V	6	66.88	66.88	0.0
6	Y	7	130.44	130.44	0.0
7	Q	8	59.7	59.7	0.0
8	F	9	127.18	127.18	0.0
9	K	10	107.7	89.19	17.1866295264624
10	G	11	57.19	57.19	0.0
11	C	13	52.15	49.09	5.867689357622234
12	Y	14	117.01	80.79	30.95461926331083
13	F	15	72.05	71.72	0.4580152671755702
14	T	16	80.92	40.38	50.09886307464162
15	N	17	122.11	14.23	88.34657276226353
16	G	18	23.57	1.46	93.805685193042
17	T	19	50.72	0.0	100.0
18	E	20	129.48	0.0	100.0
19	R	21	173.69	0.0	100.0
20	V	22	20.57	0.0	100.0
21	R	23	107.1	33.65	68.58076563958916
22	L	24	4.69	4.52	3.6247334754797613
23	V	25	9.57	4.68	51.09717868338558
24	S	26	8.1	4.29	47.03703703703703
25	R	27	54.34	19.78	63.59955833640044
26	S	28	7.99	0.49	93.86733416770964
27	I	29	13.53	13.53	0.0
28	Y	30	76.9	70.47	8.36150845253577
29	N	31	61.5	47.13	23.36585365853658
30	R	32	238.6	157.34	34.05699916177703
31	E	33	82.03	0.33	99.59770815555285
32	E	34	30.26	15.54	48.64507600793127
33	I	35	15.05	15.05	0.0
34	V	36	1.22	0.0	100.0
35	R	37	78.94	4.37	94.46414998733215
36	F	38	0.3	0.0	100.0
37	D	39	8.21	0.12	98.53836784409258
38	S	40	34.32	0.0	100.0
39	D	41	105.04	0.0	100.0
40	V	42	74.67	0.0	100.0
41	G	43	14.97	0.0	100.0
42	E	44	65.02	0.0	100.0
43	F	45	9.54	0.62	93.50104821802935
44	R	46	128.79	0.0	100.0
45	A	47	34.78	0.0	100.0
46	V	48	74.25	0.0	100.0
47	T	49	41.35	0.0	100.0
48	L	50	148.78	0.25	99.83196666218578
49	L	51	114.26	82.06	28.181340801680378
50	G	52	0.0	0.0	28.181340801680378
51	L	53	94.37	0.0	100.0
52	P	54	95.69	47.79	50.05747727035218
53	A	55	23.71	23.71	0.0
54	A	56	6.36	0.0	100.0
55	E	57	126.56	0.0	100.0
56	Y	58	132.64	73.8	44.36067551266586
57	W	59	66.39	66.39	0.0
58	N	60	46.3	0.0	100.0
59	S	61	80.0	0.0	100.0
60	Q	62	80.03	32.78	59.040359865050604
61	K	63	174.67	0.0	100.0
62	D	64	115.34	81.52	29.322004508409925
63	I	65	54.69	54.69	0.0
64	L	66	23.5	0.0	100.0
65	E	67	97.15	44.03	54.67833247555327
66	R	68	150.16	150.16	0.0
67	K	69	43.89	39.47	10.070631123262705
68	R	70	122.23	0.0	100.0
69	A	71	30.57	12.34	59.633627739614006
70	A	72	10.71	10.21	4.668534080298786
71	V	73	21.91	0.0	100.0
72	D	74	83.24	40.29	51.59778952426718
73	R	75	144.98	144.98	0.0
74	V	76	58.16	58.16	0.0
75	C	77	0.33	0.33	0.0
76	R	78	73.28	0.0	100.0
77	H	79	104.03	89.9	13.582620397962122
78	N	80	63.94	63.94	0.0
79	Y	81	29.73	19.53	34.308779011099894
80	Q	82	101.77	0.0	100.0
81	L	83	74.45	56.05	24.71457353928812
82	E	84	68.84	61.53	10.618826263800118
83	L	85	74.97	0.0	100.0
84	R	86	176.64	35.08	80.14039855072464
85	T	87	87.94	83.64	4.889697521037068
86	T	88	31.93	31.57	1.1274663326025665
87	L	89	74.08	44.1	40.46976241900648
88	Q	90	119.98	0.0	100.0
89	R	91	84.39	30.9	63.38428723782439
90	R	92	133.16	0.0	100.0
91	V	93	40.66	0.0	100.0
92	E	94	112.57	0.0	100.0
93	P	95	8.85	0.0	100.0
94	T	96	84.19	2.81	96.66231143841311
95	V	97	21.95	0.0	100.0
96	T	98	81.08	21.45	73.54464726196349
97	I	99	20.08	0.0	100.0
98	S	100	53.95	4.55	91.56626506024097
99	P	101	75.11	0.0	100.0
100	S	102	85.45	7.94	90.70801638385021
101	H	103	125.02	0.0	100.0
102	N	104	95.54	0.0	100.0
103	L	105	80.6	0.0	100.0
104	L	106	15.81	0.0	100.0
105	V	107	34.98	0.0	100.0
106	C	108	0.0	0.0	100.0
107	S	109	25.01	17.57	29.748100759696122
108	V	110	0.0	0.0	29.748100759696122
109	T	111	35.89	33.75	5.962663694622459
110	D	112	68.52	41.02	40.13426736719205
111	F	113	0.0	0.0	40.13426736719205
112	Y	114	42.5	32.41	23.741176470588243
113	P	115	35.64	0.0	100.0
114	A	116	39.9	0.0	100.0
115	Q	117	132.52	0.0	100.0
116	I	118	38.32	0.0	100.0
117	K	119	109.25	0.0	100.0
118	V	120	29.84	0.0	100.0
119	R	121	92.92	0.0	100.0
120	W	122	4.66	0.0	100.0
121	F	123	48.01	0.0	100.0
122	R	124	73.19	0.0	100.0
123	N	125	60.0	0.0	100.0
124	D	126	144.4	0.0	100.0
125	Q	127	54.48	0.0	100.0
126	E	128	58.35	0.0	100.0
127	E	129	57.76	0.0	100.0
128	T	130	115.04	0.0	100.0
129	A	131	110.4	0.0	100.0
130	G	132	25.48	0.0	100.0
131	V	133	53.66	0.0	100.0
132	V	134	108.95	0.0	100.0
133	S	135	60.29	0.0	100.0
134	T	136	60.24	0.0	100.0
135	P	137	106.67	0.0	100.0
136	L	138	76.44	0.0	100.0
137	I	139	75.33	32.28	57.148546395858226
138	R	140	178.8	104.8	41.38702460850112
139	N	141	58.36	58.07	0.49691569568197247
140	G	142	55.31	47.6	13.93961308985717
141	D	143	98.66	46.05	53.324548956010545
142	W	144	140.87	135.11	4.088876268900398
143	T	145	13.14	0.99	92.46575342465754
144	F	146	14.64	4.79	67.28142076502733
145	Q	147	50.13	43.18	13.863953720327155
146	I	148	21.71	0.0	100.0
147	L	149	70.73	1.34	98.10547151138131
148	V	150	12.58	0.0	100.0
149	L	152	9.67	0.0	100.0
150	E	153	114.34	0.0	100.0
151	T	155	129.49	0.0	100.0
152	P	156	71.03	0.0	100.0
153	Q	157	71.88	0.0	100.0
154	R	158	112.95	0.0	100.0
155	G	159	68.12	0.0	100.0
156	D	160	18.38	0.0	100.0
157	V	161	58.44	0.0	100.0
158	Y	162	14.82	0.0	100.0
159	T	163	25.36	0.0	100.0
160	C	164	0.0	0.0	100.0
161	H	165	22.44	0.0	100.0
162	V	166	0.0	0.0	100.0
163	E	167	57.41	0.0	100.0
164	H	168	12.24	0.0	100.0
165	P	169	63.38	0.0	100.0
166	S	170	30.19	0.0	100.0
167	L	171	35.22	0.0	100.0
168	Q	172	194.23	0.0	100.0
169	S	173	81.14	0.0	100.0
170	P	174	60.25	0.0	100.0
171	I	175	50.86	0.0	100.0
172	T	176	76.08	0.0	100.0
173	V	177	39.67	0.0	100.0
174	E	178	93.94	0.0	100.0
175	W	179	68.17	0.0	100.0
176	R	180	178.82	0.0	100.0
177	A	181	86.7	0.0	100.0
