	Residue	No	ASA	BSA	Availability
0	S	1	161.7	0.0	100.0
1	P	2	138.05	76.96	44.25208257877581
2	E	3	147.7	33.97	77.00067704807041
3	D	4	111.18	106.24	4.443245187983461
4	F	5	139.91	118.75	15.124008291044241
5	V	6	66.7	66.7	0.0
6	Y	7	130.38	130.38	0.0
7	Q	8	61.28	61.28	0.0
8	F	9	125.83	125.83	0.0
9	K	10	108.81	90.08	17.213491407039797
10	G	11	59.6	59.6	0.0
11	C	13	51.1	47.61	6.8297455968688885
12	Y	14	108.71	74.21	31.73581087296477
13	F	15	74.68	73.86	1.0980182110337537
14	T	16	75.0	39.41	47.45333333333333
15	N	17	114.79	15.03	86.9065249586201
16	G	18	31.75	2.18	93.13385826771653
17	T	19	61.76	0.0	100.0
18	E	20	143.23	0.0	100.0
19	R	21	116.29	0.0	100.0
20	V	22	8.35	0.0	100.0
21	R	23	96.25	24.74	74.2961038961039
22	L	24	4.86	4.86	0.0
23	V	25	9.17	0.0	100.0
24	S	26	9.56	5.77	39.644351464435154
25	R	27	61.35	10.83	82.34718826405867
26	S	28	6.99	0.0	100.0
27	I	29	12.09	12.09	0.0
28	Y	30	76.74	69.7	9.173833724263739
29	N	31	64.81	49.94	22.943990124980722
30	R	32	229.31	145.44	36.574942217958224
31	E	33	84.9	0.0	100.0
32	E	34	26.75	14.04	47.51401869158879
33	I	35	16.67	16.67	0.0
34	V	36	1.14	0.34	70.17543859649122
35	R	37	84.89	0.0	100.0
36	F	38	1.25	0.0	100.0
37	D	39	14.17	0.0	100.0
38	S	40	28.32	0.0	100.0
39	D	41	76.89	0.0	100.0
40	V	42	67.79	0.0	100.0
41	G	43	15.73	0.0	100.0
42	E	44	71.01	0.0	100.0
43	F	45	10.3	0.63	93.88349514563106
44	R	46	130.51	0.0	100.0
45	A	47	34.6	0.0	100.0
46	V	48	73.56	0.0	100.0
47	T	49	41.95	0.0	100.0
48	L	50	153.85	0.0	100.0
49	L	51	111.62	79.5	28.776204981186172
50	G	52	0.0	0.0	28.776204981186172
51	L	53	96.53	0.0	100.0
52	P	54	94.9	48.51	48.883034773445736
53	A	55	24.49	24.49	0.0
54	A	56	4.18	0.0	100.0
55	E	57	115.32	0.0	100.0
56	Y	58	131.9	77.16	41.50113722517059
57	W	59	66.57	66.57	0.0
58	N	60	39.93	0.0	100.0
59	S	61	75.19	0.0	100.0
60	Q	62	70.56	27.39	61.18197278911565
61	K	63	159.54	0.0	100.0
62	D	64	114.91	84.32	26.620833695935954
63	I	65	51.84	51.84	0.0
64	L	66	21.7	0.0	100.0
65	E	67	89.91	34.16	62.00645089533978
66	R	68	153.21	153.21	0.0
67	K	69	50.9	45.98	9.666011787819256
68	R	70	129.42	0.0	100.0
69	A	71	34.46	18.25	47.040046430644225
70	A	72	13.06	9.55	26.875957120980086
71	V	73	20.24	0.0	100.0
72	D	74	90.41	47.01	48.00353943147882
73	R	75	155.05	155.05	0.0
74	V	76	61.86	61.86	0.0
75	C	77	0.0	0.0	0.0
76	R	78	86.68	0.0	100.0
77	H	79	101.81	84.34	17.159414595815733
78	N	80	62.29	62.29	0.0
79	Y	81	29.54	18.44	37.57616790792145
80	Q	82	99.66	0.0	100.0
81	L	83	72.42	62.76	13.33885666942834
82	E	84	67.88	61.78	8.98644667059516
83	L	85	73.62	0.0	100.0
84	R	86	171.57	38.53	77.54269394416274
85	T	87	86.85	83.86	3.442717328727686
86	T	88	36.9	34.71	5.93495934959349
87	L	89	77.62	46.79	39.71914455037362
88	Q	90	118.11	0.0	100.0
89	R	91	87.5	34.15	60.971428571428575
90	R	92	117.21	0.0	100.0
91	V	93	35.66	0.0	100.0
92	E	94	100.59	0.0	100.0
93	P	95	7.06	0.0	100.0
94	T	96	80.21	1.33	98.34185263682834
95	V	97	28.9	0.0	100.0
96	T	98	74.53	24.69	66.87240037568765
97	I	99	24.84	0.0	100.0
98	S	100	48.05	2.89	93.98543184183143
99	P	101	67.08	0.0	100.0
100	S	102	81.8	0.0	100.0
101	H	103	93.47	0.0	100.0
102	N	104	87.32	0.0	100.0
103	L	105	71.59	0.0	100.0
104	L	106	12.55	0.0	100.0
105	V	107	41.16	0.0	100.0
106	C	108	0.0	0.0	100.0
107	S	109	22.15	15.72	29.02934537246049
108	V	110	0.0	0.0	29.02934537246049
109	T	111	40.42	36.03	10.860959920831274
110	D	112	70.26	34.99	50.19925989183035
111	F	113	0.0	0.0	50.19925989183035
112	Y	114	38.3	29.53	22.898172323759784
113	P	115	34.63	0.0	100.0
114	A	116	40.36	0.0	100.0
115	Q	117	133.31	0.0	100.0
116	I	118	34.15	0.0	100.0
117	K	119	108.23	0.0	100.0
118	V	120	24.17	0.0	100.0
119	R	121	68.43	0.0	100.0
120	W	122	2.91	0.0	100.0
121	F	123	42.43	0.0	100.0
122	R	124	72.56	0.0	100.0
123	N	125	78.79	0.0	100.0
124	D	126	141.63	0.0	100.0
125	Q	127	60.95	0.0	100.0
126	E	128	84.51	0.0	100.0
127	E	129	54.3	0.0	100.0
128	T	130	108.07	0.0	100.0
129	A	131	108.76	0.0	100.0
130	G	132	33.74	0.0	100.0
131	V	133	45.59	0.0	100.0
132	V	134	118.01	0.0	100.0
133	S	135	60.51	0.0	100.0
134	T	136	52.69	0.0	100.0
135	P	137	112.92	0.0	100.0
136	L	138	69.81	0.0	100.0
137	I	139	59.1	25.97	56.05752961082911
138	R	140	181.51	116.88	35.60685361688061
139	N	141	58.37	58.37	0.0
140	G	142	57.75	48.95	15.238095238095234
141	D	143	99.59	44.15	55.668239783110764
142	W	144	133.35	130.25	2.3247094113235804
143	T	145	16.53	4.62	72.0508166969147
144	F	146	8.29	3.92	52.71411338962605
145	Q	147	46.42	40.46	12.839293408013788
146	I	148	17.73	0.0	100.0
147	L	149	59.57	0.0	100.0
148	V	150	8.19	0.0	100.0
149	L	152	8.8	0.0	100.0
150	E	153	108.67	0.0	100.0
151	T	155	115.75	0.0	100.0
152	P	156	61.76	0.0	100.0
153	Q	157	125.05	0.0	100.0
154	R	158	229.89	0.0	100.0
155	G	159	67.27	0.0	100.0
156	D	160	12.8	0.0	100.0
157	V	161	38.12	0.0	100.0
158	Y	162	10.35	0.0	100.0
159	T	163	23.42	0.0	100.0
160	C	164	0.0	0.0	100.0
161	H	165	37.29	0.0	100.0
162	V	166	0.0	0.0	100.0
163	E	167	64.35	0.0	100.0
164	H	168	11.6	0.0	100.0
165	P	169	57.89	0.0	100.0
166	S	170	26.92	0.0	100.0
167	L	171	44.47	0.0	100.0
168	Q	172	196.94	0.0	100.0
169	S	173	78.22	0.0	100.0
170	P	174	56.37	0.0	100.0
171	I	175	56.56	0.0	100.0
172	T	176	74.24	0.0	100.0
173	V	177	35.15	0.0	100.0
174	E	178	85.35	0.0	100.0
175	W	179	61.11	0.0	100.0
176	R	180	147.68	0.0	100.0
177	A	181	75.29	0.0	100.0
