	Residue	No	ASA	BSA	Availability
0	K	3	146.23	0.0	100.0
1	T	4	15.53	0.0	100.0
2	T	5	88.91	0.0	100.0
3	Q	6	33.99	0.0	100.0
4	P	8	41.96	0.0	100.0
5	P	9	92.14	0.0	100.0
6	S	10	53.59	0.0	100.0
7	M	11	37.83	0.0	100.0
8	D	12	97.37	0.0	100.0
9	C	13	30.34	0.0	100.0
10	A	14	45.94	0.0	100.0
11	E	15	27.59	0.0	100.0
12	G	16	42.69	0.0	100.0
13	R	17	172.82	0.0	100.0
14	A	18	44.49	0.0	100.0
15	A	19	1.68	0.0	100.0
16	N	20	86.91	0.0	100.0
17	L	21	0.0	0.0	100.0
18	P	22	52.21	0.0	100.0
19	C	23	1.09	0.0	100.0
20	N	24	81.8	0.0	100.0
21	H	25	1.34	0.0	100.0
22	S	26	74.93	0.0	100.0
23	T	27	107.01	0.0	100.0
24	I	28	26.91	0.0	100.0
25	S	29	51.48	0.0	100.0
26	G	30	56.93	0.0	100.0
27	N	36	117.02	76.17	34.90856263886515
28	E	37	17.39	0.0	100.0
29	Y	38	87.24	79.26	9.147180192572204
30	V	39	0.33	0.0	100.0
31	Y	40	33.16	33.16	0.0
32	W	41	0.0	0.0	0.0
33	Y	42	36.39	35.88	1.4014839241549821
34	R	43	24.94	0.0	100.0
35	Q	44	45.92	34.41	25.065331010452972
36	I	45	67.19	0.0	100.0
37	H	46	183.44	96.99	47.127126035761016
38	S	47	95.86	58.16	39.32818693928646
39	Q	48	105.71	11.72	88.91306404313688
40	G	49	61.16	43.07	29.578155657292342
41	P	50	64.54	60.49	6.2751781840719
42	Q	51	73.49	0.0	100.0
43	Y	52	84.18	48.9	41.910192444761236
44	I	53	0.0	0.0	41.910192444761236
45	I	54	3.19	0.0	100.0
46	H	55	60.71	47.31	22.07214626914841
47	G	56	3.01	0.0	100.0
48	L	57	50.41	19.58	61.15850029756
49	K	58	139.08	15.65	88.74748346275526
50	N	64	104.86	7.86	92.50429143620065
51	N	65	88.87	0.0	100.0
52	E	66	65.26	4.66	92.8593319031566
53	T	67	114.27	0.0	100.0
54	N	68	56.89	0.0	100.0
55	E	74	183.41	0.0	100.0
56	M	75	57.72	0.0	100.0
57	A	76	0.95	0.0	100.0
58	S	77	26.8	0.0	100.0
59	L	78	0.53	0.0	100.0
60	I	79	86.76	0.0	100.0
61	I	80	9.94	0.0	100.0
62	T	81	49.8	0.0	100.0
63	E	82	179.28	0.0	100.0
64	D	83	88.52	0.0	100.0
65	R	84	21.28	0.0	100.0
66	K	85	95.52	0.0	100.0
67	S	86	37.63	0.0	100.0
68	S	87	2.21	0.0	100.0
69	T	88	36.95	0.0	100.0
70	L	89	0.0	0.0	100.0
71	I	90	26.78	0.0	100.0
72	L	91	2.5	0.0	100.0
73	P	92	76.5	0.0	100.0
74	H	93	114.75	0.0	100.0
75	A	94	0.89	0.0	100.0
76	T	95	39.08	0.0	100.0
77	L	96	37.4	0.0	100.0
78	R	97	170.31	0.0	100.0
79	D	98	18.4	0.0	100.0
80	T	99	54.45	0.0	100.0
81	A	100	9.34	0.0	100.0
82	V	101	37.91	0.0	100.0
83	Y	102	0.0	0.0	100.0
84	Y	103	24.1	1.38	94.27385892116183
85	C	104	1.47	0.0	100.0
86	I	105	8.39	0.0	100.0
87	A	106	15.18	0.0	100.0
88	F	107	59.07	54.23	8.193668528864064
89	Q	108	53.07	3.7	93.02807612587148
90	G	109	80.24	72.29	9.907776669990016
91	A	113	91.94	40.18	56.29758538177072
92	Q	114	69.88	1.35	98.06811677160849
93	K	115	162.39	78.46	51.684217008436484
94	L	116	70.41	68.7	2.428632296548777
95	V	117	94.88	11.22	88.17453625632378
96	F	118	68.95	43.84	36.41769398114575
97	G	119	36.27	0.0	100.0
98	Q	120	163.47	0.0	100.0
99	G	121	3.98	0.0	100.0
100	T	122	0.0	0.0	100.0
101	R	123	144.58	0.0	100.0
102	L	124	3.68	0.0	100.0
103	T	125	49.78	0.0	100.0
104	I	126	3.92	0.0	100.0
105	N	127	25.4	0.0	100.0
106	P	128	9.71	0.0	100.0
107	N	129	109.98	0.0	100.0
108	I	130	29.71	0.0	100.0
109	Q	131	90.4	0.0	100.0
110	N	132	121.73	0.0	100.0
111	P	133	67.94	0.0	100.0
112	D	134	86.97	37.23	57.19213521904105
113	P	135	14.75	0.0	100.0
114	A	136	0.0	0.0	100.0
115	V	137	3.49	0.0	100.0
116	Y	138	81.89	78.92	3.626816461106361
117	Q	139	117.31	17.5	85.08226067683916
118	L	140	80.46	77.12	4.1511309967685674
119	R	141	99.69	36.2	63.68743103621225
120	D	142	111.04	57.16	48.52305475504323
121	S	143	145.76	67.79	53.492041712403946
122	D	144	146.65	1.18	99.19536310944424
123	K	145	86.11	9.76	88.66566020206712
124	S	146	38.21	1.84	95.18450667364563
125	V	147	44.02	44.02	0.0
126	C	148	10.09	0.0	100.0
127	L	149	44.43	43.84	1.3279315777627647
128	F	150	3.14	0.0	100.0
129	T	151	21.47	20.0	6.846762925011639
130	D	152	34.98	26.25	24.95711835334476
131	F	153	0.16	0.0	100.0
132	D	154	50.09	0.0	100.0
133	S	155	17.65	0.0	100.0
134	Q	156	161.33	0.0	100.0
135	T	157	42.41	0.0	100.0
136	N	158	108.61	0.0	100.0
137	V	159	29.68	0.0	100.0
138	S	160	50.19	0.0	100.0
139	Q	161	159.98	0.0	100.0
140	S	162	36.15	0.0	100.0
141	K	163	172.68	0.0	100.0
142	D	164	59.9	0.0	100.0
143	S	165	88.46	30.02	66.0637576305675
144	D	166	103.44	18.18	82.4245939675174
145	V	167	41.24	0.0	100.0
146	Y	168	102.39	71.42	30.24709444281668
147	I	169	30.19	6.86	77.27724412056973
148	T	170	54.68	50.7	7.278712509144106
149	D	171	115.01	14.91	87.03590992087645
150	K	172	42.53	0.37	99.13002586409594
151	C	173	90.74	73.22	19.307912717654833
152	V	174	49.2	8.49	82.74390243902438
153	L	175	82.88	81.2	2.0270270270270183
154	D	176	59.31	20.64	65.19979767324229
155	M	177	81.71	71.41	12.605556235466892
156	R	178	197.51	60.4	69.41926991038429
157	S	179	121.21	12.24	89.90182328190744
158	M	180	131.08	26.58	79.72230698809888
159	D	181	128.84	0.0	100.0
160	F	182	79.06	27.29	65.48191247154061
161	K	183	42.71	0.0	100.0
162	S	184	7.42	5.98	19.407008086253363
163	N	185	0.5	0.0	100.0
164	S	186	20.41	18.54	9.162175404213626
165	A	187	0.0	0.0	9.162175404213626
166	V	188	50.73	50.73	0.0
167	A	189	1.83	0.0	100.0
168	W	190	96.08	75.73	21.18026644462947
169	S	191	19.46	0.0	100.0
170	N	192	113.21	0.0	100.0
171	K	193	62.3	0.0	100.0
172	S	194	106.24	0.0	100.0
173	D	195	98.95	0.0	100.0
174	A	196	88.02	0.0	100.0
175	C	197	25.45	0.0	100.0
176	A	198	61.83	0.0	100.0
177	N	199	131.14	0.0	100.0
178	A	200	25.46	0.0	100.0
179	F	201	5.93	0.0	100.0
180	N	202	75.38	0.0	100.0
181	N	203	60.34	0.0	100.0
182	S	204	28.95	0.0	100.0
183	I	205	70.83	0.0	100.0
184	I	206	33.26	0.0	100.0
185	P	207	44.27	0.0	100.0
186	E	208	116.7	0.0	100.0
187	D	209	76.42	0.0	100.0
188	T	210	14.42	0.0	100.0
189	F	211	99.64	34.52	65.3552790044159
190	F	212	84.43	0.0	100.0
191	P	213	149.91	20.24	86.49856580615035
