	Residue	No	ASA	BSA	Availability
0	K	1	167.55	0.0	100.0
1	T	2	22.13	0.0	100.0
2	T	3	92.43	15.06	83.70658876987991
3	Q	4	30.41	0.0	100.0
4	P	5	52.99	0.0	100.0
5	P	6	115.32	72.46	37.166146375303505
6	S	7	82.88	0.5	99.39671814671814
7	D	9	120.3	0.0	100.0
8	C	10	39.73	0.0	100.0
9	A	11	61.67	0.0	100.0
10	E	12	33.42	0.0	100.0
11	G	13	28.16	0.0	100.0
12	R	14	174.26	0.0	100.0
13	A	15	59.58	0.0	100.0
14	A	16	2.01	0.0	100.0
15	N	17	98.43	0.0	100.0
16	L	18	6.52	0.0	100.0
17	P	19	64.18	0.0	100.0
18	C	20	0.27	0.0	100.0
19	N	21	79.26	0.0	100.0
20	H	22	1.18	0.0	100.0
21	S	23	70.06	0.0	100.0
22	T	24	113.06	0.0	100.0
23	I	25	31.19	0.0	100.0
24	S	26	49.77	4.95	90.05424954792043
25	G	27	51.4	21.71	57.762645914396884
26	N	28	89.37	89.37	0.0
27	E	29	36.88	0.0	100.0
28	Y	30	84.31	81.4	3.451547859091444
29	V	31	0.0	0.0	3.451547859091444
30	Y	32	36.58	36.58	0.0
31	W	33	0.0	0.0	0.0
32	Y	34	39.1	37.1	5.115089514066496
33	R	35	39.53	0.0	100.0
34	Q	36	38.33	34.84	9.10513957735454
35	I	37	47.71	0.0	100.0
36	H	38	156.69	49.93	68.13453315463653
37	S	39	113.41	75.41	33.50674543691033
38	Q	40	104.94	3.49	96.67429007051649
39	G	41	61.05	41.63	31.8099918099918
40	P	42	67.35	64.12	4.795842613214536
41	Q	43	93.67	0.0	100.0
42	Y	44	94.97	48.37	49.06812677687691
43	I	45	18.41	0.0	100.0
44	I	46	2.68	0.0	100.0
45	H	47	58.36	35.78	38.69088416723783
46	G	48	2.68	0.0	100.0
47	L	49	57.15	42.1	26.334208223972
48	K	50	104.53	23.63	77.39404955515164
49	N	51	114.06	0.0	100.0
50	N	52	83.62	0.0	100.0
51	E	53	64.3	0.0	100.0
52	T	54	112.64	0.0	100.0
53	N	55	58.13	0.0	100.0
54	E	56	185.07	0.0	100.0
55	A	58	11.88	0.0	100.0
56	S	59	30.3	0.0	100.0
57	L	60	0.0	0.0	100.0
58	I	61	84.41	0.0	100.0
59	I	62	8.95	0.0	100.0
60	T	63	52.5	0.0	100.0
61	E	64	179.73	0.0	100.0
62	D	65	97.41	0.0	100.0
63	R	66	16.77	0.0	100.0
64	K	67	106.71	0.0	100.0
65	S	68	29.89	0.0	100.0
66	S	69	2.81	0.0	100.0
67	T	70	39.97	0.0	100.0
68	L	71	0.0	0.0	100.0
69	I	72	31.62	0.0	100.0
70	L	73	13.06	0.0	100.0
71	P	74	93.52	0.0	100.0
72	H	75	112.35	0.0	100.0
73	A	76	0.0	0.0	100.0
74	T	77	40.08	0.0	100.0
75	L	78	41.84	0.0	100.0
76	R	79	175.92	0.0	100.0
77	D	80	21.14	0.0	100.0
78	T	81	42.13	0.0	100.0
79	A	82	3.69	0.0	100.0
80	V	83	32.66	7.71	76.39314145744028
81	Y	84	0.0	0.0	76.39314145744028
82	Y	85	25.77	4.91	80.94683740783857
83	C	86	3.24	0.0	100.0
84	I	87	12.22	0.0	100.0
85	V	88	36.31	0.0	100.0
86	W	89	65.35	65.35	0.0
87	G	90	15.29	4.35	71.55003270111185
88	G	91	68.66	68.66	0.0
89	A	92	106.67	72.06	32.44586106684166
90	T	93	52.35	9.82	81.24164278892071
91	N	94	138.38	111.89	19.14293973117502
92	K	95	147.6	51.38	65.18970189701896
93	L	96	66.57	63.49	4.626708727655087
94	I	97	118.8	6.03	94.92424242424242
95	F	98	67.9	48.1	29.16053019145803
96	G	99	33.99	0.0	100.0
97	T	100	122.62	51.4	58.08187897569728
98	G	101	3.0	0.65	78.33333333333333
99	T	102	5.14	0.0	100.0
100	L	103	87.0	11.97	86.24137931034483
101	L	104	3.68	0.0	100.0
102	A	105	27.66	0.0	100.0
103	V	106	7.87	0.0	100.0
104	Q	107	33.58	0.0	100.0
105	P	108	10.13	0.0	100.0
106	N	109	109.52	0.0	100.0
107	I	110	24.35	0.0	100.0
108	Q	111	84.59	0.0	100.0
109	N	112	119.34	0.0	100.0
110	P	113	63.96	0.0	100.0
111	D	114	97.71	40.25	58.806672807286866
112	P	115	13.34	0.0	100.0
113	A	116	2.01	1.84	8.457711442786056
114	V	117	0.62	0.0	100.0
115	Y	118	86.74	83.68	3.5277841826146967
116	Q	119	135.37	17.63	86.9764349560464
117	L	120	83.19	81.78	1.694915254237284
118	R	121	98.38	38.06	61.31327505590567
119	D	122	98.48	39.96	59.42323314378554
120	S	123	145.32	80.34	44.71511147811725
121	D	124	177.64	0.0	100.0
122	K	125	149.11	22.93	84.62209107370397
123	S	126	20.49	1.68	91.800878477306
124	V	127	51.0	50.0	1.9607843137254901
125	C	128	2.15	0.0	100.0
126	L	129	39.99	39.99	0.0
127	F	130	2.65	0.0	100.0
128	T	131	17.17	14.58	15.08444962143274
129	D	132	35.57	29.41	17.31796457689064
130	F	133	0.12	0.0	100.0
131	D	134	52.57	0.0	100.0
132	S	135	13.82	0.0	100.0
133	Q	136	151.65	0.0	100.0
134	T	137	37.65	0.0	100.0
135	N	138	103.83	0.0	100.0
136	V	139	16.72	0.0	100.0
137	S	140	46.61	0.0	100.0
138	Q	141	118.01	3.93	96.66977374798745
139	S	142	31.68	0.0	100.0
140	K	143	185.05	59.97	67.59254255606592
141	D	144	85.69	60.9	28.92986346131404
142	S	145	103.56	27.16	73.77365778292777
143	D	146	71.34	4.94	93.07541351275582
144	V	147	21.43	0.0	100.0
145	Y	148	110.38	75.0	32.0529081355318
146	I	149	17.64	9.94	43.65079365079366
147	T	150	56.92	54.16	4.848910751932546
148	D	151	105.92	11.62	89.02945619335347
149	K	152	54.52	0.0	100.0
150	C	153	83.22	67.48	18.91372266282143
151	V	154	50.83	11.84	76.70666928978949
152	L	155	106.96	98.08	8.302169035153325
153	D	156	63.28	27.13	57.127054361567644
154	R	158	217.55	63.12	70.98598023442887
155	S	159	145.45	4.57	96.85802681333791
156	D	161	152.6	0.0	100.0
157	F	162	115.86	41.09	64.53478335922665
158	K	163	44.14	0.0	100.0
159	S	164	8.77	7.45	15.05131128848346
160	N	165	3.41	0.0	100.0
161	S	166	19.9	16.47	17.236180904522612
162	A	167	0.84	0.84	0.0
163	V	168	52.3	52.3	0.0
164	A	169	0.0	0.0	0.0
165	W	170	100.17	76.96	23.1706099630628
166	S	171	7.15	0.0	100.0
167	N	172	132.64	0.0	100.0
168	K	173	36.23	11.38	68.58956665746618
169	S	174	109.03	35.85	67.11914152068239
170	D	175	138.07	15.95	88.44788875208226
171	F	176	40.29	0.0	100.0
172	A	177	49.97	0.0	100.0
173	C	178	13.1	0.0	100.0
174	A	179	62.02	0.0	100.0
175	N	180	103.92	7.9	92.39799846035412
176	A	181	8.5	0.0	100.0
177	F	182	7.43	0.0	100.0
178	N	183	88.77	2.18	97.54421538808155
179	N	184	66.9	2.51	96.24813153961135
180	S	185	22.86	0.0	100.0
181	I	186	73.06	0.0	100.0
182	I	187	27.9	0.0	100.0
183	P	188	50.42	0.0	100.0
184	E	189	116.89	0.0	100.0
185	D	190	79.26	0.0	100.0
186	T	191	18.75	0.0	100.0
187	F	192	109.97	37.03	66.3271801400382
188	F	193	91.89	0.0	100.0
189	P	194	124.64	18.91	84.82830551989731
