	Residue	No	ASA	BSA	Availability
0	S	1	158.76	50.41	68.24766943814564
1	P	2	130.57	55.37	57.59362793903653
2	E	3	153.48	33.6	78.1078967943706
3	D	4	111.57	108.03	3.172895939768748
4	F	5	141.96	121.63	14.320935474781638
5	V	6	68.08	68.08	0.0
6	Y	7	131.27	131.27	0.0
7	Q	8	58.17	57.85	0.550111741447482
8	F	9	125.34	125.34	0.0
9	K	10	118.21	100.36	15.100245326114539
10	G	11	54.04	54.04	0.0
11	C	13	53.16	49.66	6.583897667419112
12	Y	14	112.58	88.54	21.353704032687858
13	F	15	80.35	78.73	2.016179215930293
14	T	16	74.52	36.84	50.563607085346206
15	N	17	112.29	8.82	92.14533796419984
16	G	18	39.09	1.17	97.0069071373753
17	T	19	65.26	0.0	100.0
18	E	20	131.83	0.0	100.0
19	R	21	102.27	18.31	82.09641145986114
20	V	22	20.0	0.0	100.0
21	R	23	84.76	19.16	77.39499764039643
22	L	24	5.19	5.19	0.0
23	V	25	9.2	0.0	100.0
24	S	26	3.15	0.67	78.73015873015873
25	R	27	61.68	27.02	56.19325551232166
26	S	28	6.4	3.8	40.62500000000001
27	I	29	15.23	15.23	0.0
28	Y	30	72.61	68.98	4.999311389615749
29	N	31	61.46	48.15	21.656361861373256
30	R	32	234.87	157.58	32.907565887512234
31	E	33	80.63	0.0	100.0
32	E	34	45.53	16.69	63.342850867559854
33	I	35	15.74	15.74	0.0
34	V	36	2.01	0.0	100.0
35	R	37	84.26	0.0	100.0
36	F	38	0.78	0.0	100.0
37	D	39	12.03	0.0	100.0
38	S	40	30.98	0.0	100.0
39	D	41	97.94	0.0	100.0
40	V	42	67.32	0.0	100.0
41	G	43	6.14	0.0	100.0
42	E	44	67.42	0.0	100.0
43	F	45	17.89	7.81	56.3443264393516
44	R	46	134.3	0.0	100.0
45	A	47	39.1	0.0	100.0
46	V	48	84.22	0.0	100.0
47	T	49	32.84	0.0	100.0
48	L	50	158.26	0.0	100.0
49	L	51	105.3	81.26	22.83000949667616
50	G	52	0.0	0.0	22.83000949667616
51	L	53	96.55	0.0	100.0
52	P	54	88.85	66.05	25.661226786719187
53	A	55	23.52	23.25	1.1479591836734675
54	A	56	8.97	0.0	100.0
55	E	57	108.9	0.0	100.0
56	Y	58	138.66	89.45	35.48968700418289
57	W	59	67.73	67.73	0.0
58	N	60	58.36	0.0	100.0
59	S	61	83.02	0.0	100.0
60	Q	62	80.24	12.41	84.53389830508475
61	K	63	177.64	22.94	87.08624183742401
62	D	64	66.69	58.21	12.715549557654818
63	I	65	46.93	46.44	1.044108246324317
64	L	66	24.39	0.0	100.0
65	E	67	120.49	78.98	34.45099178355049
66	R	68	149.03	144.78	2.8517748104408507
67	K	69	43.06	30.5	29.168601950766377
68	R	70	125.85	0.0	100.0
69	A	71	38.41	31.28	18.562874251496996
70	A	72	12.55	5.86	53.306772908366526
71	V	73	24.11	0.0	100.0
72	D	74	87.07	36.46	58.125646031928326
73	R	75	189.01	189.01	0.0
74	V	76	63.65	63.65	0.0
75	C	77	0.67	0.67	0.0
76	R	78	97.79	0.0	100.0
77	H	79	107.49	74.35	30.830774955809844
78	N	80	60.22	60.22	0.0
79	Y	81	27.4	15.97	41.71532846715328
80	Q	82	104.45	0.0	100.0
81	L	83	80.21	65.51	18.326891908739544
82	E	84	62.19	55.63	10.548319665541078
83	L	85	71.19	0.0	100.0
84	R	86	167.41	24.32	85.47279135057644
85	T	87	85.6	78.34	8.481308411214943
86	T	88	39.31	36.19	7.936911727295865
87	L	89	85.69	46.2	46.08472400513479
88	Q	90	116.39	0.0	100.0
89	R	91	93.4	38.87	58.383297644539624
90	R	92	136.41	0.0	100.0
91	V	93	40.51	0.0	100.0
92	E	94	109.15	47.21	56.7475950526798
93	P	95	11.17	5.4	51.656222023276634
94	T	96	83.27	5.7	93.15479764621112
95	V	97	21.55	0.0	100.0
96	T	98	73.5	23.26	68.35374149659863
97	I	99	27.71	0.0	100.0
98	S	100	52.68	0.0	100.0
99	P	101	92.57	0.0	100.0
100	H	102	78.41	0.0	100.0
101	N	103	113.69	0.0	100.0
102	L	104	111.47	0.0	100.0
103	L	105	12.87	0.0	100.0
104	V	106	52.37	0.0	100.0
105	C	107	0.0	0.0	100.0
106	S	108	20.78	4.19	79.8363811357074
107	V	109	0.0	0.0	79.8363811357074
108	T	110	44.76	37.97	15.169794459338695
109	D	111	66.96	37.61	43.8321385902031
110	F	112	0.0	0.0	43.8321385902031
111	Y	113	36.97	27.51	25.588314849878273
112	P	114	39.99	6.48	83.79594898724682
113	A	115	39.7	1.83	95.39042821158691
114	Q	116	120.07	0.0	100.0
115	I	117	28.01	0.0	100.0
116	K	118	112.48	0.0	100.0
117	V	119	28.43	0.0	100.0
118	R	120	71.51	0.0	100.0
119	W	121	5.11	0.0	100.0
120	F	122	45.02	0.0	100.0
121	R	123	30.99	0.0	100.0
122	N	124	62.18	0.0	100.0
123	D	125	144.91	0.0	100.0
124	Q	126	57.62	0.0	100.0
125	E	127	101.85	0.0	100.0
126	E	128	55.91	0.0	100.0
127	T	129	126.81	0.0	100.0
128	A	130	80.43	0.0	100.0
129	G	131	29.63	0.0	100.0
130	V	132	68.67	0.0	100.0
131	V	133	110.24	0.0	100.0
132	S	134	63.94	0.0	100.0
133	T	135	60.29	0.0	100.0
134	P	136	103.51	0.0	100.0
135	L	137	68.59	0.0	100.0
136	I	138	73.99	26.11	64.71144749290445
137	R	139	183.86	114.83	37.544871097574244
138	N	140	61.68	61.68	0.0
139	G	141	53.49	44.02	17.704243783884834
140	D	142	100.81	48.83	51.56234500545581
141	W	143	133.36	130.75	1.9571085782843531
142	T	144	16.63	6.08	63.43956704750451
143	F	145	6.09	2.84	53.36617405582923
144	Q	146	46.08	34.81	24.45746527777777
145	I	147	17.73	0.0	100.0
146	L	148	50.07	0.0	100.0
147	V	149	9.41	0.0	100.0
148	L	151	11.67	0.0	100.0
149	E	152	137.57	0.0	100.0
150	T	154	135.94	0.0	100.0
151	P	155	95.96	0.0	100.0
152	Q	156	114.55	0.0	100.0
153	R	157	201.96	0.0	100.0
154	G	158	59.1	0.0	100.0
155	D	159	32.78	0.0	100.0
156	V	160	59.1	0.0	100.0
157	Y	161	30.69	0.0	100.0
158	T	162	29.72	0.0	100.0
159	C	163	0.0	0.0	100.0
160	H	164	45.88	0.0	100.0
161	V	165	0.0	0.0	100.0
162	E	166	71.25	0.0	100.0
163	H	167	12.03	0.0	100.0
164	P	168	49.95	0.0	100.0
165	S	169	18.03	3.68	79.5895729339989
166	L	170	27.21	8.02	70.5255420801176
167	Q	171	171.82	85.25	50.38412291933418
168	S	172	79.78	65.58	17.798947104537483
169	P	173	52.76	11.4	78.39272175890827
170	I	174	52.39	36.48	30.36839091429663
171	T	175	105.14	14.43	86.27544226745293
172	V	176	33.04	0.0	100.0
173	E	177	104.85	0.0	100.0
174	W	178	69.08	0.0	100.0
175	R	179	76.98	0.0	100.0
176	A	180	59.6	0.0	100.0
