	Residue	No	ASA	BSA	Availability
0	K	1	148.98	5.02	96.63042019062961
1	T	2	20.39	0.0	100.0
2	T	3	93.28	0.0	100.0
3	Q	4	32.31	0.0	100.0
4	P	5	47.97	0.0	100.0
5	P	6	115.42	14.57	87.3765378617224
6	S	7	81.74	0.0	100.0
7	D	9	110.36	0.0	100.0
8	C	10	42.42	0.0	100.0
9	A	11	40.29	0.0	100.0
10	E	12	42.55	0.0	100.0
11	G	13	40.83	0.0	100.0
12	R	14	163.59	0.0	100.0
13	A	15	57.06	0.0	100.0
14	A	16	3.18	0.0	100.0
15	N	17	90.06	0.0	100.0
16	L	18	5.02	0.0	100.0
17	P	19	61.57	0.0	100.0
18	C	20	1.54	0.0	100.0
19	N	21	75.62	0.0	100.0
20	H	22	1.34	0.0	100.0
21	S	23	72.31	0.0	100.0
22	T	24	112.01	0.0	100.0
23	I	25	27.48	0.0	100.0
24	S	26	55.04	5.78	89.49854651162791
25	G	27	60.68	17.31	71.47330257086355
26	N	28	109.7	109.7	0.0
27	E	29	35.57	0.0	100.0
28	Y	30	94.57	87.83	7.126995876070631
29	V	31	0.0	0.0	7.126995876070631
30	Y	32	46.01	46.01	0.0
31	W	33	0.0	0.0	0.0
32	Y	34	39.27	37.87	3.5650623885918145
33	R	35	40.91	0.0	100.0
34	Q	36	42.18	33.36	20.910384068278805
35	I	37	48.05	0.0	100.0
36	H	38	165.11	48.37	70.70437889891588
37	S	39	103.44	42.86	58.56535189481825
38	Q	40	97.66	6.51	93.3340159737866
39	G	41	53.11	39.51	25.607230276784037
40	P	42	72.87	67.71	7.081103334705655
41	Q	43	94.68	0.0	100.0
42	Y	44	95.62	45.57	52.342606149341144
43	I	45	18.6	0.0	100.0
44	I	46	5.69	0.0	100.0
45	H	47	61.77	35.88	41.91355026711996
46	G	48	3.34	0.0	100.0
47	L	49	71.13	48.43	31.913398003655274
48	K	50	56.14	0.0	100.0
49	N	51	115.06	0.0	100.0
50	N	52	82.45	0.0	100.0
51	E	53	69.39	0.0	100.0
52	T	54	109.89	0.0	100.0
53	N	55	74.91	0.0	100.0
54	E	56	199.33	0.0	100.0
55	A	58	14.0	0.0	100.0
56	S	59	28.82	0.0	100.0
57	L	60	0.12	0.0	100.0
58	I	61	83.36	0.0	100.0
59	I	62	8.95	0.0	100.0
60	T	63	50.27	0.0	100.0
61	E	64	175.7	0.0	100.0
62	D	65	84.57	0.0	100.0
63	R	66	34.23	0.0	100.0
64	K	67	105.73	0.0	100.0
65	S	68	28.07	0.0	100.0
66	S	69	3.0	0.0	100.0
67	T	70	36.73	0.0	100.0
68	L	71	0.0	0.0	100.0
69	I	72	26.55	0.0	100.0
70	L	73	9.87	0.0	100.0
71	P	74	91.2	0.0	100.0
72	H	75	115.99	0.0	100.0
73	A	76	0.17	0.0	100.0
74	T	77	46.33	0.0	100.0
75	L	78	44.54	0.0	100.0
76	R	79	202.2	0.0	100.0
77	D	80	15.84	0.0	100.0
78	T	81	37.7	0.0	100.0
79	A	82	3.35	0.0	100.0
80	V	83	38.82	0.0	100.0
81	Y	84	0.0	0.0	100.0
82	Y	85	29.38	10.44	64.46562287270251
83	C	86	3.11	0.0	100.0
84	I	87	8.2	0.0	100.0
85	V	88	27.3	0.0	100.0
86	L	89	24.35	0.16	99.34291581108829
87	G	90	22.06	22.06	0.0
88	G	91	66.72	53.08	20.443645083932854
89	A	92	115.35	115.35	0.0
90	D	93	98.03	1.41	98.56166479649087
91	G	94	40.02	4.35	89.13043478260869
92	L	95	100.67	83.76	16.797457037846424
93	T	96	92.48	2.85	96.91825259515572
94	F	97	71.45	50.89	28.775367389783067
95	G	98	19.94	0.74	96.2888665997994
96	K	99	158.97	27.5	82.70113857960621
97	G	100	3.54	0.0	100.0
98	T	101	4.64	0.0	100.0
99	H	102	72.99	0.0	100.0
100	L	103	4.52	0.0	100.0
101	I	104	58.26	0.0	100.0
102	I	105	3.07	0.0	100.0
103	Q	106	36.9	0.0	100.0
104	P	107	5.83	0.0	100.0
105	Y	108	149.16	0.0	100.0
106	I	109	15.38	0.0	100.0
107	Q	110	136.95	0.0	100.0
108	N	111	118.5	0.0	100.0
109	P	112	58.0	0.0	100.0
110	D	113	98.12	42.66	56.52262535670608
111	P	114	15.52	0.0	100.0
112	A	115	1.34	1.34	0.0
113	V	116	2.21	0.0	100.0
114	Y	117	80.25	79.98	0.33644859813083616
115	Q	118	126.81	14.0	88.95986120968378
116	L	119	86.63	86.47	0.1846935241833044
117	R	120	100.38	25.67	74.42717672843196
118	D	121	107.8	42.53	60.54730983302412
119	S	122	142.96	79.85	44.145215444879696
120	D	123	156.68	3.23	97.93847332141947
121	K	124	52.21	16.75	67.91802336717105
122	S	125	41.28	1.5	96.36627906976744
123	V	126	39.83	39.83	0.0
124	C	127	0.82	0.0	100.0
125	L	128	38.49	38.49	0.0
126	F	129	4.36	0.0	100.0
127	T	130	15.34	13.98	8.86571056062581
128	D	131	32.04	28.77	10.205992509363295
129	F	132	0.12	0.0	100.0
130	D	133	51.35	0.0	100.0
131	S	134	20.39	0.0	100.0
132	Q	135	155.78	0.0	100.0
133	T	136	28.01	0.0	100.0
134	N	137	89.88	0.0	100.0
135	V	138	20.9	0.0	100.0
136	S	139	65.29	0.0	100.0
137	Q	140	150.65	0.0	100.0
138	S	141	31.43	0.0	100.0
139	K	142	191.4	70.86	62.97805642633229
140	D	143	40.56	26.4	34.9112426035503
141	S	144	93.93	20.82	77.83455764931333
142	D	145	75.36	46.13	38.787154989384284
143	V	146	17.72	0.0	100.0
144	Y	147	103.24	75.03	27.32468035645098
145	I	148	18.6	5.3	71.50537634408603
146	T	149	57.49	51.81	9.879979126804662
147	D	150	111.17	5.92	94.67482234415759
148	K	151	43.97	0.0	100.0
149	C	152	80.77	66.19	18.051256654698523
150	V	153	51.84	11.79	77.25694444444446
151	L	154	106.03	98.66	6.950862963312273
152	D	155	52.68	25.14	52.277904328018224
153	R	157	216.94	63.84	70.57250852770352
154	S	158	148.57	3.6	97.57689977788249
155	D	160	149.46	0.0	100.0
156	F	161	121.62	47.46	60.97681302417365
157	K	162	46.8	0.0	100.0
158	S	163	8.79	7.64	13.083048919226389
159	N	164	7.76	0.0	100.0
160	S	165	18.09	15.17	16.141514648977335
161	A	166	0.0	0.0	16.141514648977335
162	V	167	48.77	48.77	0.0
163	A	168	0.0	0.0	0.0
164	W	169	92.94	82.83	10.877985797288572
165	S	170	3.85	0.0	100.0
166	N	171	110.21	0.0	100.0
167	K	172	95.3	23.32	75.52990556138509
168	S	173	118.24	6.63	94.39276048714478
169	D	174	89.83	27.28	69.63152621618612
170	F	175	40.86	0.0	100.0
171	A	176	52.55	0.0	100.0
172	C	177	14.08	0.0	100.0
173	A	178	70.01	0.0	100.0
174	N	179	120.35	0.0	100.0
175	A	180	7.02	0.0	100.0
176	F	181	4.97	0.0	100.0
177	N	182	68.15	0.0	100.0
178	N	183	66.93	0.0	100.0
179	S	184	17.7	0.0	100.0
180	I	185	124.12	0.0	100.0
181	I	186	35.12	0.0	100.0
182	P	187	47.16	0.0	100.0
183	E	188	121.17	0.0	100.0
184	D	189	82.95	0.0	100.0
185	T	190	17.99	0.0	100.0
186	F	191	110.89	34.98	68.45522589954008
187	F	192	94.07	0.0	100.0
188	P	193	122.83	16.06	86.9250183180005
