	Residue	No	ASA	BSA	Availability
0	I	1	233.67	50.82	78.2513801514957
1	V	2	141.08	3.56	97.47660901616104
2	A	3	80.55	45.25	43.82371198013656
3	D	4	140.55	52.5	62.64674493062967
4	H	5	124.86	64.51	48.33413423033797
5	V	6	103.46	31.6	69.45679489657837
6	A	7	41.83	38.96	6.861104470475729
7	S	8	33.91	15.79	53.435564730168096
8	Y	9	144.36	144.36	0.0
9	G	10	21.54	21.54	0.0
10	V	11	18.4	18.4	0.0
11	N	12	50.49	50.49	0.0
12	L	13	23.59	19.57	17.04111911827045
13	Y	14	53.75	18.04	66.43720930232558
14	Q	15	24.05	19.1	20.582120582120577
15	S	16	82.51	45.14	45.291479820627806
16	Y	17	146.06	46.33	68.28015883883336
17	G	18	59.4	0.0	100.0
18	P	19	88.85	0.0	100.0
19	S	20	49.22	0.0	100.0
20	G	21	22.33	0.0	100.0
21	Q	22	25.19	0.0	100.0
22	Y	23	8.89	8.19	7.874015748031507
23	T	24	0.67	0.0	100.0
24	H	25	21.25	21.25	0.0
25	E	26	6.31	0.0	100.0
26	F	27	80.54	76.31	5.252048671467598
27	D	28	60.45	26.43	56.27791563275435
28	G	29	42.98	17.42	59.46952070730571
29	D	30	102.67	101.68	0.9642544073244325
30	E	31	21.95	17.62	19.726651480637805
31	Q	32	36.66	27.72	24.38625204582651
32	F	33	5.79	4.07	29.706390328151983
33	Y	34	80.27	0.0	100.0
34	V	35	7.09	0.0	100.0
35	D	36	44.82	0.0	100.0
36	L	37	45.5	0.0	100.0
37	G	38	69.52	0.0	100.0
38	R	39	166.57	0.0	100.0
39	K	40	120.91	25.27	79.10015714167564
40	E	41	67.71	0.0	100.0
41	T	42	25.55	0.0	100.0
42	V	43	41.27	0.0	100.0
43	W	44	42.98	8.13	81.08422522103304
44	C	45	58.34	7.08	87.86424408639013
45	L	46	87.94	84.09	4.377984989765743
46	P	47	89.3	3.7	95.85666293393056
47	V	48	95.82	32.05	66.55186808599457
48	L	49	26.28	21.76	17.19939117199391
49	R	50	133.66	0.0	100.0
50	Q	51	123.06	18.96	84.59288152120916
51	F	52	107.18	99.2	7.44541892144057
52	R	53	211.63	32.17	84.79894154892973
53	F	54	42.99	31.62	26.448011165387303
54	D	55	75.98	18.34	75.86206896551724
55	P	56	30.81	0.0	100.0
56	Q	57	126.72	94.38	25.520833333333336
57	F	58	126.52	126.52	0.0
58	A	59	0.0	0.0	0.0
59	L	60	50.74	9.88	80.52818289318093
60	T	61	73.5	71.06	3.31972789115646
61	N	62	53.49	53.49	0.0
62	I	63	14.57	0.0	100.0
63	A	64	65.24	29.22	55.21152667075414
64	V	65	84.71	84.71	0.0
65	L	66	41.93	41.93	0.0
66	K	67	35.4	0.0	100.0
67	H	68	124.68	87.23	30.03689444979147
68	N	69	68.76	68.76	0.0
69	L	70	56.25	47.21	16.071111111111108
70	N	71	111.21	21.48	80.68519018073914
71	S	72	42.72	31.67	25.86610486891385
72	L	73	102.75	102.75	0.0
73	I	74	68.42	31.78	53.551593101432324
74	K	75	179.58	8.56	95.23332219623566
75	R	76	188.44	132.65	29.606240713224363
76	S	77	46.31	29.08	37.205787087022244
77	N	78	144.36	0.0	100.0
78	S	79	81.82	13.74	83.20703984355904
79	T	80	101.8	32.92	67.66208251473476
80	A	81	94.08	51.09	45.69515306122449
81	A	82	53.18	40.54	23.76833396013539
82	T	83	113.26	0.0	100.0
83	N	84	76.46	6.99	90.85796494899294
84	E	85	97.38	32.93	66.1840213596221
85	V	86	130.0	0.0	100.0
86	P	87	33.01	0.0	100.0
87	E	88	109.0	0.0	100.0
88	V	89	39.11	0.0	100.0
89	T	90	47.09	0.0	100.0
90	V	91	22.69	0.0	100.0
91	F	92	80.11	39.69	50.45562351766322
92	S	93	27.17	7.73	71.5495031284505
93	K	94	138.68	108.54	21.733487164695703
94	S	95	52.72	19.6	62.82245827010622
95	P	96	118.4	83.96	29.08783783783785
96	V	97	89.41	0.0	100.0
97	T	98	71.4	0.0	100.0
98	L	99	96.55	0.0	100.0
99	G	100	38.52	0.0	100.0
100	Q	101	108.73	0.0	100.0
101	P	102	101.87	0.0	100.0
102	N	103	11.27	0.0	100.0
103	I	104	53.03	0.0	100.0
104	L	105	11.39	0.0	100.0
105	I	106	17.59	17.59	0.0
106	C	107	0.0	0.0	0.0
107	L	108	42.35	17.91	57.70956316410862
108	V	109	0.34	0.0	100.0
109	D	110	29.9	0.0	100.0
110	N	111	31.86	3.06	90.3954802259887
111	I	112	0.5	0.0	100.0
112	F	113	65.24	62.55	4.123237277743712
113	P	114	24.58	22.91	6.794141578519114
114	P	115	8.25	5.34	35.27272727272727
115	V	116	34.22	0.0	100.0
116	V	117	28.05	0.0	100.0
117	N	118	81.5	0.0	100.0
118	I	119	20.44	0.0	100.0
119	T	120	49.96	0.0	100.0
120	W	121	8.12	0.0	100.0
121	L	122	41.5	0.0	100.0
122	S	123	40.87	0.0	100.0
123	N	124	66.63	0.0	100.0
124	G	125	61.98	0.0	100.0
125	H	126	129.06	0.0	100.0
126	S	127	94.68	0.0	100.0
127	V	128	46.33	0.0	100.0
128	T	129	109.48	0.0	100.0
129	E	130	151.29	0.0	100.0
130	G	131	34.09	0.0	100.0
131	V	132	48.16	0.0	100.0
132	S	133	55.77	0.0	100.0
133	E	134	91.4	0.0	100.0
134	T	135	29.47	8.03	72.75195113674923
135	S	136	18.53	0.0	100.0
136	F	137	25.66	0.0	100.0
137	L	138	8.37	6.36	24.014336917562712
138	S	139	34.28	17.3	49.53325554259043
139	K	140	68.73	5.5	91.99767205005092
140	S	141	114.81	0.66	99.4251371831722
141	D	142	85.12	30.02	64.73214285714286
142	H	143	152.43	128.19	15.902381420980127
143	S	144	6.89	6.89	0.0
144	F	145	17.82	17.82	0.0
145	F	146	36.42	15.93	56.26029654036244
146	K	147	31.38	0.0	100.0
147	I	148	21.6	21.6	0.0
148	S	149	1.84	0.0	100.0
149	Y	150	63.52	45.2	28.84130982367758
150	L	151	16.9	0.0	100.0
151	T	152	83.14	0.0	100.0
152	L	153	41.03	0.0	100.0
153	L	154	120.44	0.0	100.0
154	P	155	22.58	0.0	100.0
155	S	156	50.33	0.0	100.0
156	A	157	108.19	0.0	100.0
157	E	158	96.47	0.0	100.0
158	E	159	80.68	0.0	100.0
159	S	160	38.5	0.0	100.0
160	Y	161	18.0	0.0	100.0
161	D	162	33.54	0.0	100.0
162	C	163	0.15	0.0	100.0
163	K	164	57.23	0.0	100.0
164	V	165	7.94	0.0	100.0
165	E	166	50.93	0.0	100.0
166	H	167	34.8	0.0	100.0
167	W	168	53.03	34.33	35.26305864604941
168	G	169	30.78	0.0	100.0
169	L	170	63.49	0.0	100.0
170	D	171	132.15	0.0	100.0
171	K	172	69.25	0.0	100.0
172	P	173	68.59	0.0	100.0
173	L	174	65.42	0.0	100.0
174	L	175	78.89	0.0	100.0
175	K	176	36.16	0.0	100.0
176	H	177	72.6	0.0	100.0
177	W	178	38.85	0.0	100.0
178	E	179	83.25	0.0	100.0
179	P	180	74.44	0.0	100.0
