	Residue	No	ASA	BSA	Availability
0	I	1	235.33	55.24	76.52657969659626
1	V	2	142.8	6.75	95.27310924369749
2	A	3	74.79	45.26	39.48388822035032
3	D	4	142.38	54.94	61.41311982019947
4	H	5	125.76	74.85	40.48187022900764
5	V	6	105.48	33.48	68.25938566552901
6	A	7	39.13	36.48	6.772297469971902
7	S	8	37.2	19.03	48.844086021505376
8	Y	9	149.34	149.34	0.0
9	G	10	23.34	23.34	0.0
10	V	11	17.4	17.23	0.9770114942528629
11	N	12	50.43	50.43	0.0
12	L	13	24.27	19.41	20.024721878862792
13	Y	14	34.17	16.76	50.95112671934445
14	Q	15	30.75	19.39	36.943089430894304
15	S	16	79.35	34.3	56.773787019533714
16	Y	17	142.67	35.78	74.92114670217985
17	G	18	50.11	0.0	100.0
18	P	19	99.24	0.0	100.0
19	S	20	49.11	0.0	100.0
20	G	21	27.33	0.0	100.0
21	Q	22	23.91	0.0	100.0
22	Y	23	10.34	9.93	3.9651837524177966
23	T	24	2.06	0.0	100.0
24	H	25	18.62	18.62	0.0
25	E	26	10.77	0.0	100.0
26	F	27	79.35	78.11	1.562696912413352
27	D	28	63.93	27.61	56.812138276239644
28	G	29	42.61	17.79	58.24923726824689
29	D	30	99.0	97.2	1.8181818181818152
30	E	31	22.56	16.2	28.191489361702125
31	Q	32	35.75	29.61	17.174825174825177
32	F	33	6.1	5.32	12.78688524590163
33	Y	34	78.42	0.0	100.0
34	V	35	7.04	0.0	100.0
35	D	36	41.01	0.0	100.0
36	L	37	41.84	0.0	100.0
37	G	38	72.43	0.0	100.0
38	R	39	181.06	0.0	100.0
39	K	40	120.71	18.4	84.75685527296828
40	E	41	67.88	0.0	100.0
41	T	42	26.68	0.0	100.0
42	V	43	48.65	0.0	100.0
43	W	44	32.78	8.59	73.79499694935937
44	C	45	64.27	7.53	88.28380270732845
45	L	46	92.54	86.01	7.0564080397665885
46	P	47	98.98	2.5	97.47423721964033
47	V	48	98.88	36.51	63.07645631067961
48	L	49	27.64	21.94	20.62228654124457
49	R	50	140.28	0.0	100.0
50	Q	51	139.17	18.79	86.49852698138967
51	F	52	114.84	107.71	6.208638105189838
52	R	53	240.08	22.98	90.4281906031323
53	F	54	44.86	35.03	21.91261703076237
54	D	55	76.58	31.56	58.78819535126665
55	P	56	30.5	0.0	100.0
56	Q	57	99.42	67.31	32.297324481995574
57	F	58	124.77	124.77	0.0
58	A	59	0.0	0.0	0.0
59	L	60	44.99	11.44	74.57212713936431
60	T	61	75.77	75.77	0.0
61	N	62	47.63	47.63	0.0
62	I	63	23.34	0.0	100.0
63	A	64	60.28	39.88	33.8420703384207
64	V	65	86.75	86.75	0.0
65	L	66	45.73	45.73	0.0
66	K	67	107.33	15.66	85.40948476660766
67	H	68	129.92	87.13	32.9356527093596
68	N	69	71.24	71.24	0.0
69	L	70	49.21	47.05	4.389351757772817
70	N	71	85.74	6.22	92.74550968042921
71	S	72	38.85	36.43	6.229086229086233
72	L	73	104.51	104.51	0.0
73	I	74	67.04	33.55	49.955250596658715
74	K	75	178.98	24.39	86.3727790814616
75	R	76	193.15	123.54	36.039347657261196
76	S	77	49.12	27.77	43.464983713355046
77	N	78	138.14	0.0	100.0
78	S	79	81.4	21.48	73.6117936117936
79	T	80	103.96	33.53	67.74721046556368
80	A	81	88.85	48.4	45.526167698368035
81	A	82	54.9	44.15	19.581056466302368
82	T	83	105.62	0.37	99.6496875591744
83	N	84	71.9	5.04	92.99026425591099
84	E	85	81.22	20.26	75.0554050726422
85	V	86	100.68	0.0	100.0
86	P	87	6.45	0.0	100.0
87	E	88	118.3	0.0	100.0
88	V	89	10.63	0.0	100.0
89	T	90	53.91	0.0	100.0
90	V	91	25.87	0.0	100.0
91	F	92	84.78	44.91	47.027600849256906
92	S	93	33.6	12.25	63.541666666666664
93	K	94	134.58	108.98	19.022142963293213
94	S	95	50.27	17.53	65.12830714143625
95	P	96	120.57	75.68	37.2314837853529
96	V	97	57.48	0.0	100.0
97	T	98	75.17	0.0	100.0
98	L	99	104.59	0.0	100.0
99	G	100	48.78	0.0	100.0
100	Q	101	107.55	0.0	100.0
101	P	102	98.26	0.0	100.0
102	N	103	11.36	0.0	100.0
103	I	104	58.6	0.67	98.8566552901024
104	L	105	0.5	0.0	100.0
105	I	106	19.24	19.24	0.0
106	C	107	0.0	0.0	0.0
107	L	108	37.1	13.21	64.39353099730458
108	V	109	0.0	0.0	64.39353099730458
109	D	110	36.75	0.0	100.0
110	N	111	38.5	2.92	92.4155844155844
111	I	112	0.0	0.0	92.4155844155844
112	F	113	63.29	62.66	0.9954179175225194
113	P	114	16.63	14.62	12.086590499098016
114	P	115	6.3	5.2	17.460317460317455
115	V	116	27.9	0.67	97.59856630824372
116	V	117	18.7	0.0	100.0
117	N	118	85.81	0.0	100.0
118	I	119	11.05	0.0	100.0
119	T	120	59.56	0.0	100.0
120	W	121	2.79	0.0	100.0
121	L	122	25.79	0.0	100.0
122	S	123	22.6	0.0	100.0
123	N	124	103.71	0.0	100.0
124	G	125	59.77	0.0	100.0
125	H	126	143.08	0.0	100.0
126	S	127	85.77	0.0	100.0
127	V	128	39.81	0.0	100.0
128	T	129	118.66	0.0	100.0
129	E	130	152.47	0.0	100.0
130	G	131	36.97	0.0	100.0
131	V	132	67.14	0.0	100.0
132	S	133	63.9	0.0	100.0
133	E	134	83.51	0.0	100.0
134	T	135	33.99	9.71	71.4327743453957
135	S	136	16.56	0.0	100.0
136	F	137	28.81	0.0	100.0
137	L	138	9.67	3.85	60.186142709410554
138	S	139	33.37	18.65	44.11147737488763
139	K	140	61.2	6.01	90.1797385620915
140	S	141	114.18	0.66	99.42196531791907
141	D	142	92.39	31.35	66.06775625067648
142	H	143	150.3	132.14	12.082501663340002
143	S	144	8.37	8.2	2.0310633213859015
144	F	145	14.53	14.53	0.0
145	F	146	39.49	15.53	60.67358825018992
146	K	147	23.7	0.0	100.0
147	I	148	26.41	26.41	0.0
148	S	149	0.86	0.0	100.0
149	Y	150	66.95	42.16	37.02763256161315
150	L	151	3.32	0.0	100.0
151	T	152	97.67	0.0	100.0
152	L	153	9.3	0.0	100.0
153	L	154	114.62	0.0	100.0
154	P	155	4.84	0.0	100.0
155	S	156	30.33	0.0	100.0
156	A	157	70.67	0.0	100.0
157	E	158	136.75	0.0	100.0
158	E	159	69.89	0.0	100.0
159	S	160	14.18	0.0	100.0
160	Y	161	18.12	0.0	100.0
161	D	162	25.05	0.0	100.0
162	C	163	0.0	0.0	100.0
163	K	164	49.7	0.0	100.0
164	V	165	0.0	0.0	100.0
165	E	166	62.3	0.0	100.0
166	H	167	14.6	0.0	100.0
167	W	168	130.71	51.53	60.57684951419172
168	G	169	21.33	0.0	100.0
169	L	170	26.65	0.0	100.0
170	D	171	147.02	0.0	100.0
171	K	172	150.89	0.0	100.0
172	P	173	65.89	0.0	100.0
173	L	174	56.99	0.0	100.0
174	L	175	92.33	0.0	100.0
175	K	176	88.93	0.0	100.0
176	H	177	96.17	0.0	100.0
177	W	178	25.67	0.0	100.0
178	E	179	95.13	0.0	100.0
179	P	180	13.02	0.0	100.0
180	E	181	202.6	0.0	100.0
