	Residue	No	ASA	BSA	Availability
0	S	1	154.68	4.35	97.18774243599691
1	P	2	132.3	71.22	46.167800453514744
2	E	3	142.37	20.53	85.57982721078879
3	D	4	111.21	107.96	2.9223990648322995
4	F	5	154.44	128.34	16.899766899766895
5	V	6	71.88	71.88	0.0
6	Y	7	129.28	129.28	0.0
7	Q	8	66.73	66.73	0.0
8	F	9	122.56	122.56	0.0
9	K	10	110.73	89.04	19.588187483066914
10	G	11	59.95	59.95	0.0
11	C	13	46.41	42.91	7.541478129713425
12	Y	14	108.17	70.46	34.861791624295094
13	F	15	72.95	72.46	0.6716929403701289
14	T	16	86.42	41.28	52.233279333487616
15	N	17	124.37	13.07	89.49103481546997
16	G	18	26.26	2.35	91.05102817974104
17	T	19	51.82	0.0	100.0
18	E	20	100.7	0.0	100.0
19	R	21	162.09	0.0	100.0
20	V	22	16.88	0.0	100.0
21	R	23	97.99	21.6	77.95693438105928
22	L	24	4.36	4.36	0.0
23	V	25	4.5	0.0	100.0
24	S	26	7.86	5.77	26.590330788804078
25	R	27	51.77	14.21	72.55167085184469
26	S	28	6.51	0.12	98.15668202764977
27	I	29	14.11	14.11	0.0
28	Y	30	85.88	80.71	6.020027945971125
29	N	31	62.89	45.5	27.651454921291148
30	R	32	245.24	170.39	30.521122166041437
31	E	33	77.69	0.0	100.0
32	E	34	27.66	15.37	44.43239334779465
33	I	35	17.56	17.56	0.0
34	V	36	0.99	0.34	65.65656565656565
35	R	37	83.31	0.0	100.0
36	F	38	0.16	0.0	100.0
37	D	39	7.65	0.0	100.0
38	S	40	30.15	0.0	100.0
39	D	41	99.45	0.0	100.0
40	V	42	73.62	0.0	100.0
41	G	43	16.19	0.0	100.0
42	E	44	65.06	0.0	100.0
43	F	45	9.88	1.72	82.5910931174089
44	R	46	135.58	0.0	100.0
45	A	47	36.41	0.0	100.0
46	V	48	72.19	0.0	100.0
47	T	49	40.63	0.0	100.0
48	L	50	147.33	0.37	99.74886309645015
49	L	51	110.51	76.39	30.875033933580674
50	G	52	0.0	0.0	30.875033933580674
51	L	53	92.72	0.0	100.0
52	P	54	93.94	48.31	48.57355758995103
53	A	55	24.94	24.94	0.0
54	A	56	6.69	0.0	100.0
55	E	57	130.77	0.0	100.0
56	Y	58	136.51	80.7	40.88345176177569
57	W	59	67.87	67.87	0.0
58	N	60	46.62	0.0	100.0
59	S	61	79.62	0.0	100.0
60	Q	62	73.68	20.66	71.9598262757872
61	K	63	83.04	0.0	100.0
62	D	64	120.64	79.84	33.81962864721485
63	I	65	51.72	51.72	0.0
64	L	66	18.67	0.0	100.0
65	E	67	91.83	42.05	54.20886420559731
66	R	68	147.59	147.59	0.0
67	K	69	44.76	41.57	7.126899016979441
68	R	70	126.25	0.0	100.0
69	A	71	34.68	15.25	56.02652825836216
70	A	72	13.39	10.21	23.749066467513067
71	V	73	19.91	0.0	100.0
72	D	74	83.21	19.25	76.8657613267636
73	R	75	153.9	153.9	0.0
74	V	76	65.63	65.63	0.0
75	C	77	0.67	0.67	0.0
76	R	78	73.21	0.0	100.0
77	H	79	106.32	82.65	22.2629796839729
78	N	80	68.15	68.15	0.0
79	Y	81	46.39	30.66	33.90816986419487
80	Q	82	89.85	0.0	100.0
81	L	83	75.7	63.5	16.11624834874505
82	E	84	74.27	67.24	9.46546384812172
83	L	85	74.92	0.0	100.0
84	R	86	164.0	26.81	83.65243902439025
85	T	87	81.62	77.73	4.7659887282528794
86	T	88	37.75	35.2	6.754966887417211
87	L	89	51.14	13.34	73.914743840438
88	Q	90	113.86	0.0	100.0
89	R	91	91.89	29.14	68.28817063880727
90	R	92	128.66	0.0	100.0
91	V	93	46.34	0.0	100.0
92	E	94	65.77	0.0	100.0
93	P	95	14.12	0.0	100.0
94	T	96	69.02	3.01	95.63894523326572
95	V	97	32.82	0.0	100.0
96	T	98	71.29	20.16	71.72113900967878
97	I	99	23.79	0.0	100.0
98	S	100	51.14	5.71	88.83457176378569
99	P	101	88.36	0.0	100.0
100	S	102	106.57	0.0	100.0
101	N	103	101.22	0.0	100.0
102	L	104	89.35	0.0	100.0
103	L	105	16.41	0.0	100.0
104	V	106	36.97	0.0	100.0
105	C	107	0.0	0.0	100.0
106	S	108	23.49	15.54	33.84418901660281
107	V	109	2.21	0.0	100.0
108	T	110	39.51	36.29	8.149835484687419
109	D	111	66.47	33.76	49.21017000150444
110	F	112	4.16	0.0	100.0
111	Y	113	33.63	22.72	32.44127267320845
112	P	114	40.3	0.0	100.0
113	A	115	47.02	0.0	100.0
114	Q	116	119.88	0.0	100.0
115	I	117	42.8	0.0	100.0
116	K	118	114.79	0.0	100.0
117	V	119	33.07	0.0	100.0
118	R	120	80.33	0.0	100.0
119	W	121	3.58	0.0	100.0
120	F	122	43.76	0.0	100.0
121	R	123	75.55	0.0	100.0
122	N	124	92.82	0.0	100.0
123	D	125	146.21	0.0	100.0
124	Q	126	59.31	0.0	100.0
125	E	127	85.93	0.0	100.0
126	E	128	60.65	0.0	100.0
127	T	129	98.22	0.0	100.0
128	A	130	104.85	0.0	100.0
129	G	131	30.01	0.0	100.0
130	V	132	51.66	0.0	100.0
131	V	133	110.13	0.0	100.0
132	S	134	59.81	0.0	100.0
133	T	135	61.26	0.0	100.0
134	P	136	113.06	0.0	100.0
135	L	137	70.02	0.0	100.0
136	I	138	58.57	22.6	61.41369301690285
137	R	139	181.91	114.44	37.08976966631851
138	N	140	67.96	67.67	0.42672160094171874
139	G	141	54.78	50.67	7.50273822562979
140	D	142	102.85	43.37	57.83179387457462
141	W	143	134.25	130.16	3.046554934823094
142	T	144	17.4	6.67	61.66666666666666
143	F	145	15.51	2.35	84.84848484848484
144	Q	146	55.69	40.53	27.222122463637994
145	I	147	17.82	0.0	100.0
146	L	148	76.27	0.0	100.0
147	V	149	7.74	0.0	100.0
148	L	151	16.07	0.0	100.0
149	E	152	125.27	0.0	100.0
150	T	154	114.03	0.0	100.0
151	P	155	93.65	0.0	100.0
152	Q	156	108.07	0.0	100.0
153	R	157	100.86	0.0	100.0
154	G	158	70.33	0.0	100.0
155	D	159	15.45	0.0	100.0
156	V	160	48.16	0.0	100.0
157	Y	161	25.18	0.0	100.0
158	T	162	30.68	0.0	100.0
159	C	163	0.0	0.0	100.0
160	H	164	34.19	0.0	100.0
161	V	165	0.0	0.0	100.0
162	E	166	54.97	0.0	100.0
163	H	167	10.01	0.0	100.0
164	P	168	50.41	0.0	100.0
165	S	169	38.47	0.0	100.0
166	L	170	39.53	0.0	100.0
167	Q	171	118.15	0.0	100.0
168	S	172	78.7	0.0	100.0
169	P	173	59.25	0.0	100.0
170	I	174	56.4	0.0	100.0
171	T	175	82.81	0.0	100.0
172	V	176	36.33	0.0	100.0
173	E	177	53.34	0.0	100.0
174	W	178	76.84	0.0	100.0
175	R	179	165.1	0.0	100.0
176	A	180	92.68	0.0	100.0
