	Residue	No	ASA	BSA	Availability
0	G	3	98.68	0.0	100.0
1	V	4	12.36	0.0	100.0
2	S	5	57.1	0.0	100.0
3	Q	6	21.64	0.0	100.0
4	S	7	51.51	0.0	100.0
5	P	8	48.59	0.0	100.0
6	S	9	64.79	0.0	100.0
7	N	10	20.94	0.0	100.0
8	K	11	69.29	0.0	100.0
9	V	12	5.05	0.0	100.0
10	T	13	5.74	0.0	100.0
11	E	14	49.25	0.0	100.0
12	K	15	90.91	0.0	100.0
13	G	16	34.52	0.0	100.0
14	K	17	101.9	0.0	100.0
15	D	18	90.14	0.0	100.0
16	V	19	4.95	0.0	100.0
17	E	20	121.64	0.0	100.0
18	L	21	0.34	0.0	100.0
19	R	22	89.16	0.0	100.0
20	C	23	0.0	0.0	100.0
21	D	24	47.71	0.0	100.0
22	P	25	15.65	0.0	100.0
23	I	26	47.84	0.0	100.0
24	S	27	113.12	1.47	98.70049504950495
25	G	28	61.0	22.6	62.95081967213114
26	H	29	16.62	0.0	100.0
27	T	37	58.03	58.03	0.0
28	A	38	0.0	0.0	0.0
29	L	39	0.0	0.0	0.0
30	Y	40	17.27	0.0	100.0
31	W	41	0.0	0.0	100.0
32	Y	42	27.91	26.57	4.8011465424579
33	R	43	29.76	0.0	100.0
34	Q	44	60.48	47.02	22.255291005290996
35	S	45	41.01	0.0	100.0
36	L	46	166.52	40.57	75.6365601729522
37	G	47	74.77	0.0	100.0
38	Q	48	123.0	0.0	100.0
39	G	49	45.52	4.85	89.34534270650263
40	L	50	90.75	70.47	22.34710743801653
41	E	51	65.57	0.0	100.0
42	F	52	66.73	32.8	50.84669563914282
43	L	53	0.0	0.0	50.84669563914282
44	I	54	4.18	0.0	100.0
45	Y	55	19.76	12.32	37.651821862348186
46	F	56	4.85	0.0	100.0
47	Q	57	61.2	58.3	4.738562091503277
48	G	58	28.59	7.85	72.54284714935292
49	N	63	97.95	25.06	74.41551812149055
50	S	64	68.04	0.84	98.76543209876543
51	A	65	35.23	0.53	98.49560034061878
52	P	66	79.94	50.29	37.09031773830373
53	D	67	49.97	25.54	48.88933360016009
54	K	68	148.96	0.0	100.0
55	S	69	83.64	0.0	100.0
56	G	70	39.56	0.0	100.0
57	L	71	30.88	0.0	100.0
58	P	72	59.69	0.0	100.0
59	S	73	40.98	0.0	100.0
60	D	74	134.75	0.0	100.0
61	R	75	29.8	0.0	100.0
62	F	76	5.02	0.0	100.0
63	S	77	48.53	0.0	100.0
64	A	78	19.8	0.0	100.0
65	E	79	99.53	0.0	100.0
66	R	80	3.21	0.0	100.0
67	T	81	122.99	0.0	100.0
68	G	83	59.23	0.0	100.0
69	G	84	30.56	0.0	100.0
70	S	85	58.36	0.0	100.0
71	V	86	51.47	0.0	100.0
72	S	87	0.0	0.0	100.0
73	T	88	37.39	0.0	100.0
74	L	89	0.0	0.0	100.0
75	T	90	43.86	0.0	100.0
76	I	91	0.0	0.0	100.0
77	Q	92	73.73	0.0	100.0
78	R	93	127.55	0.0	100.0
79	T	94	0.0	0.0	100.0
80	Q	95	68.68	0.0	100.0
81	Q	96	81.3	0.0	100.0
82	E	97	120.69	0.0	100.0
83	D	98	1.47	0.0	100.0
84	S	99	26.68	0.0	100.0
85	A	100	11.94	0.0	100.0
86	V	101	38.54	16.41	57.42086144265698
87	Y	102	0.0	0.0	57.42086144265698
88	L	103	22.58	22.58	0.0
89	C	104	0.0	0.0	0.0
90	A	105	0.0	0.0	0.0
91	S	106	0.0	0.0	0.0
92	S	107	0.58	0.0	100.0
93	F	108	134.92	121.45	9.983694040913123
94	R	109	132.01	132.01	0.0
95	A	110	1.99	1.82	8.542713567839193
96	L	111	156.61	144.15	7.95606921652513
97	A	112	51.29	47.31	7.759797231429122
98	A	113	110.87	110.87	0.0
99	D	114	43.81	43.81	0.0
100	T	115	83.3	83.3	0.0
101	Q	116	63.84	57.33	10.197368421052639
102	Y	117	108.95	34.8	68.05874254245067
103	F	118	85.84	64.19	25.221342031686866
104	G	119	11.42	7.48	34.50087565674255
105	P	120	106.86	18.76	82.44431967059704
106	G	121	5.14	0.0	100.0
107	T	122	0.0	0.0	100.0
108	R	123	98.61	17.92	81.8274008721225
109	L	124	1.6	0.0	100.0
110	T	125	21.03	0.0	100.0
111	V	126	0.0	0.0	100.0
112	L	127	3.18	0.0	100.0
113	E	128	86.05	0.0	100.0
114	D	129	52.66	0.0	100.0
115	L	130	12.56	0.0	100.0
116	K	131	140.15	0.0	100.0
117	N	132	32.55	0.0	100.0
118	V	133	1.48	0.0	100.0
119	F	134	72.69	0.0	100.0
120	P	135	40.96	0.0	100.0
121	P	136	6.38	0.0	100.0
122	E	137	123.59	0.0	100.0
123	V	138	22.54	0.0	100.0
124	A	139	43.44	19.34	55.47882136279926
125	V	140	30.92	26.64	13.84217335058215
126	F	141	100.45	93.11	7.307117969138878
127	E	142	84.17	54.79	34.90554829511703
128	P	143	11.47	1.34	88.31734960767218
129	S	144	62.34	51.56	17.292268206608917
130	E	145	111.88	0.0	100.0
131	A	146	73.88	41.82	43.39469409853817
132	E	147	33.48	33.11	1.1051373954599686
133	I	148	5.96	0.0	100.0
134	S	149	78.86	0.0	100.0
135	H	150	162.15	80.69	50.23743447425224
136	T	151	49.51	23.06	53.42355079781862
137	Q	152	106.76	0.0	100.0
138	K	153	92.94	69.73	24.97310092532816
139	A	154	0.0	0.0	24.97310092532816
140	T	155	33.82	31.98	5.440567711413364
141	L	156	0.5	0.0	100.0
142	V	157	54.39	54.39	0.0
143	C	158	0.0	0.0	0.0
144	L	159	58.57	51.88	11.422229810483179
145	A	160	0.0	0.0	11.422229810483179
146	T	161	40.47	11.55	71.46034099332839
147	G	162	6.99	0.0	100.0
148	F	163	0.0	0.0	100.0
149	Y	164	26.42	0.0	100.0
150	P	165	3.51	0.0	100.0
151	D	166	42.97	0.0	100.0
152	H	167	0.16	0.0	100.0
153	V	168	26.03	0.0	100.0
154	E	169	97.67	0.0	100.0
155	L	170	27.46	0.0	100.0
156	S	171	19.74	0.0	100.0
157	W	172	1.48	0.0	100.0
158	W	173	59.47	0.0	100.0
159	V	174	15.28	0.0	100.0
160	N	175	71.99	0.0	100.0
161	G	176	47.48	0.0	100.0
162	K	177	152.32	0.0	100.0
163	E	178	79.45	0.0	100.0
164	V	179	42.91	0.0	100.0
165	H	180	138.18	25.44	81.58923143725576
166	S	181	101.96	65.11	36.14162416633974
167	G	182	41.44	41.11	0.7963320463320424
168	V	183	45.67	10.01	78.08189183271294
169	C	184	78.59	69.64	11.38821733044917
170	T	185	47.57	2.68	94.36619718309859
171	D	186	40.47	27.96	30.91178650852483
172	P	187	144.06	55.34	61.58545050673331
173	Q	188	140.75	32.48	76.92362344582594
174	P	189	23.55	0.0	100.0
175	L	190	115.29	73.63	36.13496400381647
176	K	191	73.28	2.09	97.14792576419214
177	E	192	63.03	32.69	48.135808345232434
178	Q	193	115.91	41.44	64.24812354412907
179	P	194	101.34	16.25	83.96487073218867
180	A	195	105.14	0.0	100.0
181	L	196	49.89	0.0	100.0
182	N	197	107.01	0.0	100.0
183	D	198	40.92	0.0	100.0
184	S	199	3.01	0.0	100.0
185	R	200	94.3	0.0	100.0
186	Y	201	35.89	0.0	100.0
187	A	202	9.2	8.83	4.021739130434774
188	L	203	10.97	1.0	90.88422971741113
189	S	204	20.7	20.7	0.0
190	S	205	0.0	0.0	0.0
191	R	206	82.63	82.46	0.20573641534551826
192	L	207	1.85	0.0	100.0
193	R	208	109.19	104.88	3.94724791647587
194	V	209	28.19	6.93	75.41681447321746
195	S	210	53.63	7.96	85.15756106656723
196	A	211	11.22	0.0	100.0
197	T	212	101.34	0.0	100.0
198	F	213	76.17	0.0	100.0
199	W	214	7.43	0.0	100.0
200	Q	215	67.48	0.0	100.0
201	N	216	63.61	0.0	100.0
202	P	217	85.64	0.0	100.0
203	R	218	79.39	0.0	100.0
204	N	219	10.3	0.0	100.0
205	H	220	32.16	0.0	100.0
206	F	221	0.0	0.0	100.0
207	R	222	51.22	0.0	100.0
208	C	223	0.0	0.0	100.0
209	Q	224	30.57	0.0	100.0
210	V	225	0.0	0.0	100.0
211	Q	226	42.68	0.0	100.0
212	F	227	0.0	0.0	100.0
213	Y	228	41.3	0.0	100.0
214	G	229	8.72	0.0	100.0
215	L	230	1.92	0.0	100.0
216	S	231	45.47	0.0	100.0
217	E	232	93.75	0.0	100.0
218	N	233	98.66	0.0	100.0
219	D	234	37.31	0.0	100.0
220	E	235	85.62	0.0	100.0
221	W	236	54.73	0.0	100.0
222	T	237	136.93	0.0	100.0
223	Q	238	82.53	0.0	100.0
224	D	239	160.19	0.0	100.0
225	R	240	42.08	0.0	100.0
226	A	241	94.23	0.0	100.0
227	K	242	74.14	0.0	100.0
228	P	243	2.01	0.0	100.0
229	V	244	51.13	0.0	100.0
230	T	245	62.91	0.0	100.0
231	Q	246	49.46	0.0	100.0
232	I	247	92.55	0.0	100.0
233	V	248	35.37	0.0	100.0
234	S	249	52.53	0.0	100.0
235	A	250	12.89	0.0	100.0
236	E	251	102.15	5.03	95.0758688203622
237	A	252	16.23	11.21	30.930375847196544
238	W	253	135.58	0.0	100.0
239	G	254	9.52	0.0	100.0
240	R	255	158.81	1.45	99.08695925949247
241	A	256	112.56	0.0	100.0
