	Residue	No	ASA	BSA	Availability
0	S	1	156.1	9.88	93.67072389493914
1	P	2	142.4	76.98	45.94101123595505
2	E	3	149.39	28.62	80.8420911707611
3	D	4	110.58	107.12	3.1289564116476702
4	F	5	136.49	117.5	13.913107187339739
5	V	6	69.61	69.61	0.0
6	Y	7	128.56	128.56	0.0
7	Q	8	57.81	57.81	0.0
8	F	9	129.51	129.51	0.0
9	K	10	117.26	99.81	14.881460003411226
10	G	11	58.68	58.68	0.0
11	C	13	51.22	48.27	5.759468957438493
12	Y	14	97.61	62.64	35.82624731072636
13	F	15	80.27	78.97	1.6195340725052914
14	T	16	75.51	37.2	50.73500198649186
15	N	17	112.49	14.55	87.06551693483866
16	G	18	32.72	3.01	90.80073349633253
17	T	19	84.77	0.0	100.0
18	E	20	134.58	0.0	100.0
19	R	21	128.8	0.0	100.0
20	V	22	16.65	0.0	100.0
21	R	23	56.44	18.73	66.81431608788093
22	L	24	9.51	7.86	17.35015772870662
23	V	25	4.11	0.0	100.0
24	S	26	7.61	2.01	73.58738501971092
25	R	27	63.37	25.32	60.04418494555783
26	S	28	8.6	4.3	50.0
27	I	29	14.73	14.73	0.0
28	Y	30	77.89	73.01	6.265245859545507
29	N	31	64.79	50.12	22.642383083809243
30	R	32	233.86	159.0	32.010604635251866
31	E	33	88.77	0.0	100.0
32	E	34	31.35	14.33	54.2902711323764
33	I	35	18.91	18.91	0.0
34	V	36	2.45	0.0	100.0
35	R	37	77.22	0.0	100.0
36	F	38	1.92	0.0	100.0
37	D	39	18.33	0.0	100.0
38	S	40	33.14	0.0	100.0
39	D	41	91.57	0.0	100.0
40	V	42	70.38	0.0	100.0
41	G	43	8.51	0.0	100.0
42	E	44	72.75	0.0	100.0
43	F	45	19.19	5.73	70.14069828035436
44	R	46	129.35	0.0	100.0
45	A	47	36.12	0.0	100.0
46	V	48	75.89	0.0	100.0
47	T	49	35.44	0.0	100.0
48	L	50	147.88	0.0	100.0
49	L	51	109.53	83.85	23.445631333881135
50	G	52	0.0	0.0	23.445631333881135
51	L	53	80.76	0.0	100.0
52	P	54	86.88	64.66	25.57550644567219
53	A	55	22.2	22.2	0.0
54	A	56	7.75	0.0	100.0
55	E	57	112.5	0.0	100.0
56	Y	58	139.72	78.4	43.8877755511022
57	W	59	73.03	73.03	0.0
58	N	60	44.95	0.0	100.0
59	S	61	73.56	0.0	100.0
60	Q	62	81.04	14.56	82.03356367226061
61	K	63	162.21	9.24	94.30368041427778
62	D	64	91.11	59.95	34.20041707825705
63	I	65	47.81	47.81	0.0
64	L	66	11.9	0.0	100.0
65	E	67	120.84	66.52	44.95200264812976
66	R	68	154.53	152.68	1.1971785413835465
67	K	69	48.29	36.5	24.41499275212259
68	R	70	118.47	0.0	100.0
69	A	71	35.86	25.26	29.559397657557163
70	A	72	14.74	11.73	20.420624151967434
71	V	73	21.08	0.0	100.0
72	D	74	85.35	30.55	64.20620972466315
73	R	75	172.96	172.96	0.0
74	V	76	65.17	65.17	0.0
75	C	77	0.66	0.66	0.0
76	R	78	100.89	0.0	100.0
77	H	79	107.82	70.39	34.71526618438137
78	N	80	65.68	65.68	0.0
79	Y	81	23.42	10.02	57.21605465414177
80	Q	82	103.16	0.0	100.0
81	L	83	82.65	66.87	19.09255898366606
82	E	84	70.16	69.31	1.2115165336373923
83	L	85	81.35	0.0	100.0
84	R	86	174.19	27.18	84.39634881451289
85	T	87	88.38	81.88	7.354605114279249
86	T	88	37.56	35.1	6.549520766773165
87	L	89	84.59	47.53	43.81132521574654
88	Q	90	121.5	0.0	100.0
89	R	91	86.86	33.05	61.95026479392125
90	R	92	125.99	0.0	100.0
91	V	93	39.37	0.0	100.0
92	E	94	106.66	54.39	49.00618788674292
93	P	95	10.55	4.91	53.459715639810426
94	T	96	76.35	1.51	98.02226588081204
95	V	97	24.73	0.0	100.0
96	T	98	78.54	20.84	73.46574993633817
97	I	99	21.94	0.0	100.0
98	S	100	48.1	0.0	100.0
99	P	101	71.8	0.0	100.0
100	S	102	98.32	0.0	100.0
101	H	103	62.0	0.0	100.0
102	N	104	122.85	0.0	100.0
103	L	105	55.34	0.0	100.0
104	L	106	11.38	0.0	100.0
105	V	107	34.97	0.0	100.0
106	C	108	0.0	0.0	100.0
107	S	109	33.6	14.92	55.595238095238095
108	V	110	0.12	0.0	100.0
109	T	111	42.81	37.44	12.543798177995805
110	D	112	67.03	37.1	44.65164851559003
111	F	113	0.0	0.0	44.65164851559003
112	Y	114	34.92	26.49	24.140893470790388
113	P	115	33.85	2.84	91.61004431314623
114	A	116	42.04	0.0	100.0
115	Q	117	132.69	0.0	100.0
116	I	118	43.14	0.0	100.0
117	K	119	33.38	0.0	100.0
118	V	120	45.69	0.0	100.0
119	R	121	88.03	0.0	100.0
120	W	122	5.02	0.0	100.0
121	F	123	53.12	0.0	100.0
122	R	124	26.95	0.0	100.0
123	N	125	82.25	0.0	100.0
124	D	126	144.45	0.0	100.0
125	Q	127	60.95	0.0	100.0
126	E	128	81.48	0.0	100.0
127	E	129	80.07	0.0	100.0
128	T	130	110.07	0.0	100.0
129	A	131	72.7	0.0	100.0
130	G	132	38.11	0.0	100.0
131	V	133	56.83	0.0	100.0
132	V	134	114.47	0.0	100.0
133	S	135	68.33	0.0	100.0
134	T	136	59.21	0.0	100.0
135	P	137	109.33	0.0	100.0
136	L	138	72.97	0.0	100.0
137	I	139	65.18	27.55	57.73243326173674
138	R	140	166.49	99.51	40.23064448315214
139	N	141	67.23	67.23	0.0
140	G	142	56.61	50.59	10.63416357534004
141	D	143	100.93	43.98	56.42524521945904
142	W	144	138.11	131.97	4.445731663167051
143	T	145	17.6	5.89	66.5340909090909
144	F	146	12.58	7.2	42.76629570747218
145	Q	147	46.08	32.69	29.058159722222225
146	I	148	10.52	0.0	100.0
147	L	149	63.47	0.0	100.0
148	V	150	11.53	0.0	100.0
149	L	152	10.7	0.0	100.0
150	E	153	134.58	0.0	100.0
151	T	155	111.08	0.0	100.0
152	P	156	80.64	0.0	100.0
153	Q	157	106.95	0.0	100.0
154	R	158	241.46	0.0	100.0
155	G	159	63.86	0.0	100.0
156	D	160	35.05	0.0	100.0
157	V	161	62.44	0.0	100.0
158	Y	162	29.98	0.0	100.0
159	T	163	29.47	0.0	100.0
160	C	164	0.0	0.0	100.0
161	H	165	43.54	0.0	100.0
162	V	166	0.17	0.0	100.0
163	E	167	71.75	0.0	100.0
164	H	168	12.9	0.0	100.0
165	P	169	59.51	0.0	100.0
166	S	170	13.73	3.31	75.89220684632193
167	L	171	30.17	10.84	64.07026847862114
168	Q	172	172.01	79.96	53.51433056217662
169	S	173	80.62	67.15	16.708012900024805
170	P	174	53.17	11.72	77.95749482791048
171	I	175	49.84	33.94	31.902086677367585
172	T	176	98.68	13.06	86.76530198621808
173	V	177	31.37	0.0	100.0
174	E	178	107.79	0.0	100.0
175	W	179	58.44	0.0	100.0
176	R	180	66.88	0.0	100.0
177	A	181	102.08	0.0	100.0
