	Residue	No	ASA	BSA	Availability
0	I	1	230.61	57.65	75.00108408134946
1	V	2	142.72	6.14	95.69786995515696
2	A	3	78.93	45.42	42.45534017483847
3	D	4	141.14	57.74	59.090264985121145
4	H	5	122.36	69.52	43.18404707420726
5	V	6	108.62	37.66	65.32866875345242
6	A	7	38.04	34.18	10.147213459516298
7	S	8	39.13	19.51	50.1405571173013
8	Y	9	145.52	145.52	0.0
9	G	10	25.54	25.54	0.0
10	V	11	17.23	17.23	0.0
11	N	12	51.84	51.84	0.0
12	L	13	27.94	23.09	17.358625626342167
13	Y	14	33.69	15.68	53.45799940635203
14	Q	15	31.08	18.81	39.478764478764475
15	S	16	74.49	38.24	48.664250234930854
16	Y	17	138.36	35.81	74.11824226655102
17	G	18	51.24	0.0	100.0
18	P	19	97.76	0.0	100.0
19	S	20	44.99	0.0	100.0
20	G	21	27.98	0.0	100.0
21	Q	22	23.84	0.0	100.0
22	Y	23	9.35	8.38	10.374331550802127
23	T	24	0.81	0.0	100.0
24	H	25	22.54	22.54	0.0
25	E	26	9.62	0.0	100.0
26	F	27	79.18	77.47	2.159636271785814
27	D	28	62.12	25.0	59.755312298776566
28	G	29	44.23	17.75	59.86886728464843
29	D	30	101.52	99.49	1.9996059889676923
30	E	31	26.13	15.32	41.37007271335629
31	Q	32	39.25	31.51	19.719745222929934
32	F	33	3.75	3.28	12.533333333333339
33	Y	34	72.28	0.0	100.0
34	V	35	5.41	0.0	100.0
35	D	36	41.09	0.0	100.0
36	L	37	41.09	0.0	100.0
37	G	38	69.56	0.0	100.0
38	R	39	188.37	0.0	100.0
39	K	40	120.38	22.04	81.69131084897823
40	E	41	68.73	0.0	100.0
41	T	42	26.39	0.0	100.0
42	V	43	55.65	0.0	100.0
43	W	44	31.64	11.88	62.452591656131474
44	C	45	58.42	7.62	86.95652173913044
45	L	46	104.09	95.39	8.358151599577292
46	P	47	96.36	1.15	98.80655873806559
47	V	48	89.44	33.11	62.980769230769226
48	L	49	25.43	21.91	13.84191899331498
49	R	50	132.87	0.0	100.0
50	Q	51	123.52	17.8	85.58937823834198
51	F	52	114.1	110.51	3.1463628396143637
52	R	53	208.03	29.45	85.84338797288854
53	F	54	41.01	30.67	25.21336259448914
54	D	55	77.74	21.63	72.17648572163623
55	P	56	26.1	0.0	100.0
56	Q	57	100.8	74.88	25.71428571428572
57	F	58	128.66	128.66	0.0
58	A	59	0.0	0.0	0.0
59	L	60	42.65	13.67	67.94841735052755
60	T	61	78.32	77.95	0.4724208375893646
61	N	62	52.35	52.35	0.0
62	I	63	20.49	0.0	100.0
63	A	64	61.72	37.22	39.695398574206095
64	V	65	82.35	82.35	0.0
65	L	66	41.21	41.21	0.0
66	K	67	109.8	15.85	85.56466302367942
67	H	68	124.35	77.31	37.82870928829915
68	N	69	64.79	64.79	0.0
69	L	70	48.15	44.14	8.328141225337484
70	N	71	86.81	0.0	100.0
71	S	72	39.54	20.83	47.31917046029338
72	L	73	99.62	99.62	0.0
73	I	74	66.33	33.89	48.90698025026383
74	K	75	171.05	0.0	100.0
75	R	76	187.28	119.9	35.978214438274236
76	S	77	51.57	29.76	42.29203025014543
77	N	78	130.65	0.0	100.0
78	S	79	81.81	22.26	72.79061239457279
79	T	80	102.5	31.9	68.8780487804878
80	A	81	88.64	51.02	42.4413357400722
81	A	82	55.89	42.02	24.81660404365718
82	T	83	115.24	1.23	98.93266227004513
83	N	84	75.4	20.76	72.46684350132625
84	E	85	79.08	23.19	70.67526555386951
85	V	86	99.4	0.0	100.0
86	P	87	7.87	0.0	100.0
87	E	88	113.36	0.0	100.0
88	V	89	12.08	0.0	100.0
89	T	90	66.91	0.0	100.0
90	V	91	23.45	0.0	100.0
91	F	92	80.93	45.32	44.000988508587675
92	S	93	30.62	9.57	68.74591770084912
93	K	94	134.47	108.56	19.26823826875883
94	S	95	54.29	20.25	62.700313133173694
95	P	96	124.84	67.48	45.946811919256646
96	V	97	48.49	0.0	100.0
97	T	98	83.32	0.0	100.0
98	L	99	81.29	0.0	100.0
99	G	100	56.84	0.0	100.0
100	Q	101	107.7	0.0	100.0
101	P	102	106.9	0.0	100.0
102	N	103	16.04	0.0	100.0
103	I	104	51.61	1.34	97.40360395272234
104	L	105	1.67	0.0	100.0
105	I	106	16.74	16.74	0.0
106	C	107	0.0	0.0	0.0
107	L	108	51.32	12.87	74.92205767731879
108	V	109	0.0	0.0	74.92205767731879
109	D	110	32.4	0.0	100.0
110	N	111	46.45	3.81	91.79763186221743
111	I	112	0.0	0.0	91.79763186221743
112	F	113	64.77	63.05	2.6555504091400324
113	P	114	16.43	16.1	2.0085209981740615
114	P	115	3.99	2.52	36.8421052631579
115	V	116	28.24	0.17	99.39801699716713
116	V	117	21.48	0.0	100.0
117	N	118	80.58	0.0	100.0
118	I	119	19.61	0.0	100.0
119	T	120	50.9	0.0	100.0
120	W	121	0.73	0.0	100.0
121	L	122	19.09	0.0	100.0
122	S	123	18.61	0.0	100.0
123	N	124	84.81	0.0	100.0
124	G	125	60.32	0.0	100.0
125	H	126	131.49	0.0	100.0
126	S	127	76.21	0.0	100.0
127	V	128	48.79	0.0	100.0
128	T	129	118.07	0.0	100.0
129	E	130	139.95	0.0	100.0
130	G	131	40.43	0.0	100.0
131	V	132	60.28	0.0	100.0
132	S	133	61.48	0.0	100.0
133	E	134	80.98	0.0	100.0
134	T	135	33.2	10.04	69.75903614457832
135	S	136	15.96	0.0	100.0
136	F	137	25.23	0.0	100.0
137	L	138	7.89	4.02	49.04942965779468
138	S	139	38.09	15.07	60.43580992386454
139	K	140	61.65	4.68	92.4087591240876
140	S	141	110.53	0.0	100.0
141	D	142	97.11	34.33	64.64833693749357
142	H	143	151.74	129.95	14.360089626993556
143	S	144	8.35	8.35	0.0
144	F	145	15.01	15.01	0.0
145	F	146	43.35	16.78	61.29181084198385
146	K	147	21.49	0.0	100.0
147	I	148	27.59	27.26	1.196085538238486
148	S	149	0.35	0.0	100.0
149	Y	150	57.46	38.42	33.13609467455621
150	L	151	4.85	0.0	100.0
151	T	152	76.5	0.0	100.0
152	L	153	20.21	0.0	100.0
153	L	154	114.32	0.0	100.0
154	P	155	7.79	0.0	100.0
155	S	156	21.17	0.0	100.0
156	A	157	67.02	0.0	100.0
157	E	158	139.04	0.0	100.0
158	E	159	68.32	0.0	100.0
159	S	160	17.6	0.0	100.0
160	Y	161	13.52	0.0	100.0
161	D	162	23.95	0.0	100.0
162	C	163	0.0	0.0	100.0
163	K	164	58.6	0.0	100.0
164	V	165	0.0	0.0	100.0
165	E	166	58.89	0.0	100.0
166	H	167	13.58	0.0	100.0
167	W	168	120.78	59.15	51.02666004305348
168	G	169	18.54	0.0	100.0
169	L	170	34.28	0.0	100.0
170	D	171	161.38	0.0	100.0
171	K	172	68.3	0.0	100.0
172	P	173	70.17	0.0	100.0
173	L	174	45.35	0.0	100.0
174	L	175	90.29	0.0	100.0
175	K	176	87.67	0.0	100.0
176	H	177	97.43	0.0	100.0
177	W	178	25.35	0.0	100.0
178	E	179	108.39	0.0	100.0
179	P	180	11.1	0.0	100.0
180	E	181	195.68	0.0	100.0
