	Residue	No	ASA	BSA	Availability
0	I	1	229.74	50.09	78.1970923652825
1	V	2	147.69	7.0	95.26034260951994
2	A	3	79.56	44.83	43.65258924082454
3	D	4	142.55	53.49	62.476324096808135
4	H	5	124.97	74.53	40.361686804833155
5	V	6	106.54	36.22	66.00337901257744
6	A	7	40.7	35.8	12.039312039312053
7	S	8	35.82	21.92	38.80513679508654
8	Y	9	156.23	156.23	0.0
9	G	10	21.43	21.43	0.0
10	V	11	15.74	15.32	2.66836086404066
11	N	12	43.36	43.36	0.0
12	L	13	17.33	14.93	13.848817080207725
13	Y	14	43.28	17.37	59.86598890942698
14	Q	15	25.98	17.93	30.98537336412625
15	S	16	78.66	36.79	53.22908721078058
16	Y	17	131.9	22.71	82.78241091736163
17	G	18	70.95	0.0	100.0
18	P	19	88.77	0.0	100.0
19	S	20	54.71	0.0	100.0
20	G	21	23.93	0.0	100.0
21	Q	22	27.31	0.0	100.0
22	Y	23	4.11	3.26	20.681265206812665
23	T	24	1.8	0.0	100.0
24	H	25	22.03	22.03	0.0
25	E	26	8.3	0.0	100.0
26	F	27	86.84	85.11	1.9921695071395715
27	D	28	62.8	26.84	57.26114649681527
28	G	29	39.83	13.59	65.87998995731861
29	D	30	103.0	101.16	1.7864077669902945
30	E	31	24.11	14.42	40.19079220240564
31	Q	32	32.58	28.87	11.387354205033756
32	F	33	5.31	4.69	11.676082862523526
33	Y	34	79.39	0.0	100.0
34	V	35	6.14	0.0	100.0
35	D	36	40.46	0.0	100.0
36	L	37	42.46	0.0	100.0
37	G	38	58.16	0.0	100.0
38	R	39	180.38	0.0	100.0
39	K	40	115.21	0.0	100.0
40	E	41	66.24	0.0	100.0
41	T	42	27.91	0.0	100.0
42	V	43	49.54	0.0	100.0
43	W	44	35.43	11.28	68.16257408975444
44	C	45	58.34	5.45	90.65821049022969
45	L	46	95.62	90.1	5.772850868019253
46	P	47	84.36	2.17	97.42769084874348
47	V	48	100.51	31.41	68.74937817132624
48	L	49	30.74	30.74	0.0
49	R	50	126.92	0.0	100.0
50	Q	51	126.91	24.38	80.78953589157672
51	F	52	104.62	97.57	6.738673293825283
52	R	53	201.35	21.63	89.25751179538118
53	F	54	48.72	35.92	26.272577996715924
54	D	55	100.12	25.57	74.46064722333202
55	P	56	27.14	0.0	100.0
56	Q	57	111.81	83.43	25.382345049637774
57	F	58	103.54	103.54	0.0
58	A	59	0.0	0.0	0.0
59	L	60	44.02	1.47	96.66060881417538
60	T	61	79.37	79.37	0.0
61	N	62	39.41	39.41	0.0
62	I	63	13.13	0.0	100.0
63	A	64	59.6	28.91	51.493288590604024
64	V	65	76.52	76.52	0.0
65	L	66	47.16	47.16	0.0
66	K	67	105.16	22.83	78.29022441993153
67	H	68	122.26	111.44	8.849991820709969
68	N	69	69.95	69.95	0.0
69	L	70	47.61	44.59	6.3432052089896995
70	N	71	85.37	0.0	100.0
71	S	72	30.58	24.88	18.639633747547414
72	L	73	107.24	107.24	0.0
73	I	74	63.34	30.64	51.62614461635617
74	K	75	134.65	5.57	95.86334942443372
75	R	76	185.11	113.93	38.45281184160769
76	S	77	47.71	29.58	38.000419199329286
77	N	78	140.41	0.0	100.0
78	S	79	74.98	16.61	77.8474259802614
79	T	80	107.04	35.18	67.13378176382662
80	A	81	89.25	46.02	48.436974789915965
81	A	82	57.96	45.69	21.169772256728784
82	T	83	113.41	0.25	99.77956088528347
83	N	84	69.63	18.21	73.84747953468333
84	E	85	79.21	22.62	71.44299962125994
85	V	86	94.42	0.0	100.0
86	P	87	3.18	0.0	100.0
87	E	88	100.11	0.0	100.0
88	V	89	1.72	0.0	100.0
89	T	90	52.21	0.0	100.0
90	V	91	25.64	0.0	100.0
91	F	92	95.19	56.46	40.68704695871415
92	S	93	31.22	12.01	61.53106982703396
93	K	94	141.87	110.42	22.16818213857757
94	S	95	45.93	12.72	72.30568256041803
95	P	96	121.33	67.93	44.01219813731146
96	V	97	51.59	0.0	100.0
97	T	98	74.25	0.0	100.0
98	L	99	92.43	0.0	100.0
99	G	100	57.19	0.0	100.0
100	Q	101	128.65	0.0	100.0
101	P	102	105.38	0.0	100.0
102	N	103	10.63	0.0	100.0
103	I	104	50.63	0.5	99.0124432154849
104	L	105	0.5	0.0	100.0
105	I	106	18.98	18.64	1.7913593256059002
106	C	107	0.0	0.0	1.7913593256059002
107	L	108	29.82	5.86	80.34875922199866
108	V	109	0.0	0.0	80.34875922199866
109	D	110	34.32	0.0	100.0
110	N	111	43.46	0.72	98.34330418775886
111	I	112	0.0	0.0	98.34330418775886
112	F	113	62.85	61.45	2.2275258552108173
113	P	114	15.57	14.06	9.698137443802182
114	P	115	9.09	5.69	37.4037403740374
115	V	116	28.89	0.17	99.41156109380408
116	V	117	17.83	0.0	100.0
117	N	118	88.79	0.0	100.0
118	I	119	20.91	0.0	100.0
119	T	120	40.84	0.0	100.0
120	W	121	5.52	0.0	100.0
121	L	122	42.0	0.0	100.0
122	S	123	16.26	0.0	100.0
123	N	124	135.87	0.0	100.0
124	G	125	84.6	0.0	100.0
125	H	126	140.84	0.0	100.0
126	S	127	66.63	0.0	100.0
127	V	128	44.01	0.0	100.0
128	T	129	114.55	0.0	100.0
129	E	130	152.47	0.0	100.0
130	G	131	31.42	0.0	100.0
131	V	132	58.12	0.0	100.0
132	S	133	63.97	0.0	100.0
133	E	134	89.26	0.0	100.0
134	T	135	30.73	7.71	74.91051090139929
135	S	136	16.59	0.0	100.0
136	F	137	27.9	0.0	100.0
137	L	138	7.2	3.85	46.52777777777778
138	S	139	41.85	17.87	57.29988052568697
139	K	140	68.4	4.93	92.79239766081872
140	S	141	116.09	0.99	99.1472133689379
141	D	142	94.26	33.7	64.2478251644388
142	H	143	157.45	138.99	11.72435693871069
143	S	144	7.1	7.1	0.0
144	F	145	20.94	20.94	0.0
145	F	146	45.33	24.54	45.86366644606221
146	K	147	29.33	0.0	100.0
147	I	148	26.61	25.44	4.396843291995483
148	S	149	2.09	0.0	100.0
149	Y	150	63.27	42.98	32.06891101627944
150	L	151	2.68	0.0	100.0
151	T	152	88.65	0.0	100.0
152	L	153	17.39	0.0	100.0
153	L	154	99.31	0.0	100.0
154	P	155	3.99	0.0	100.0
155	S	156	25.19	0.0	100.0
156	A	157	91.48	0.0	100.0
157	E	158	160.57	0.0	100.0
158	E	159	66.39	0.0	100.0
159	S	160	29.5	0.0	100.0
160	Y	161	20.6	0.0	100.0
161	D	162	31.84	0.0	100.0
162	C	163	0.0	0.0	100.0
163	K	164	56.73	0.0	100.0
164	V	165	0.0	0.0	100.0
165	E	166	58.91	0.0	100.0
166	H	167	11.99	0.0	100.0
167	W	168	128.29	60.43	52.895782991659516
168	G	169	20.05	0.0	100.0
169	L	170	31.07	0.0	100.0
170	D	171	165.33	0.0	100.0
171	K	172	151.6	0.0	100.0
172	P	173	58.38	0.0	100.0
173	L	174	36.83	0.0	100.0
174	L	175	80.53	0.0	100.0
175	K	176	72.18	0.0	100.0
176	H	177	108.27	0.0	100.0
177	W	178	27.07	0.0	100.0
178	E	179	105.4	0.0	100.0
179	P	180	14.19	0.0	100.0
180	E	181	201.6	0.0	100.0
