	Residue	No	ASA	BSA	Availability
0	V	1	165.72	12.02	92.7468018344195
1	A	2	76.9	40.26	47.646293888166454
2	D	3	136.92	52.16	61.904761904761905
3	H	4	119.44	73.61	38.37073007367716
4	V	5	100.8	36.33	63.95833333333334
5	A	6	39.7	36.06	9.168765743073049
6	S	7	36.85	16.16	56.14654002713705
7	Y	8	132.15	132.15	0.0
8	G	9	23.12	23.12	0.0
9	V	10	20.25	20.08	0.8395061728395146
10	N	11	46.71	46.71	0.0
11	L	12	23.61	19.59	17.026683608640404
12	Y	13	35.01	17.27	50.67123678948872
13	Q	14	29.88	22.0	26.372155287817932
14	S	15	83.76	43.16	48.471824259789884
15	Y	16	130.68	35.94	72.49770431588614
16	G	17	68.94	0.0	100.0
17	P	18	91.36	0.0	100.0
18	S	19	45.48	0.0	100.0
19	G	20	28.72	0.0	100.0
20	Q	21	23.11	0.0	100.0
21	Y	22	7.75	7.59	2.06451612903226
22	S	23	0.81	0.0	100.0
23	H	24	18.34	18.34	0.0
24	E	25	11.66	0.0	100.0
25	F	26	78.03	76.78	1.6019479687299756
26	D	27	69.4	28.16	59.42363112391932
27	G	28	50.93	17.27	66.09071274298056
28	D	29	100.48	97.42	3.0453821656050977
29	E	30	19.14	12.47	34.848484848484844
30	E	31	7.34	7.34	0.0
31	F	32	1.87	1.87	0.0
32	Y	33	65.63	0.0	100.0
33	V	34	5.45	0.0	100.0
34	D	35	41.27	0.0	100.0
35	L	36	39.24	0.0	100.0
36	E	37	165.17	0.0	100.0
37	R	38	164.17	0.0	100.0
38	K	39	133.46	0.0	100.0
39	E	40	71.72	0.0	100.0
40	T	41	27.8	0.0	100.0
41	V	42	45.51	0.0	100.0
42	W	43	29.91	6.88	76.99765964560348
43	Q	44	70.77	7.02	90.08054260279779
44	L	45	86.5	70.26	18.774566473988433
45	P	46	102.13	43.53	57.37785175756389
46	L	47	108.82	64.37	40.847270722293686
47	F	48	32.11	32.11	0.0
48	R	49	179.83	108.56	39.6318745481844
49	R	50	195.43	185.92	4.866192498592857
50	F	51	147.27	103.66	29.61227677055749
51	R	52	97.86	97.86	0.0
52	R	53	229.57	102.52	55.34259702922856
53	F	54	37.06	37.06	0.0
54	D	55	61.75	0.0	100.0
55	P	56	31.93	0.0	100.0
56	Q	57	100.92	31.99	68.3016250495442
57	F	58	113.13	109.32	3.367806947759217
58	A	59	0.0	0.0	3.367806947759217
59	L	60	53.01	23.99	54.744387851348804
60	T	61	79.58	63.28	20.482533299824073
61	N	62	55.73	55.73	0.0
62	I	63	18.76	0.0	100.0
63	A	64	62.65	45.09	28.02873104549081
64	V	65	79.79	79.79	0.0
65	L	66	48.22	48.22	0.0
66	K	67	105.43	0.0	100.0
67	H	68	111.15	111.15	0.0
68	N	69	78.32	78.32	0.0
69	L	70	55.2	52.18	5.471014492753628
70	N	71	86.65	0.0	100.0
71	I	72	87.75	43.13	50.849002849002844
72	V	73	68.93	68.93	0.0
73	I	74	65.21	33.09	49.25624904155803
74	K	75	79.64	0.0	100.0
75	R	76	168.44	122.01	27.564711469959626
76	S	77	48.74	27.81	42.942141977841615
77	N	78	137.52	0.0	100.0
78	S	79	81.72	15.27	81.31424375917769
79	T	80	106.35	34.21	67.83262811471556
80	A	81	91.83	46.5	49.36295328324077
81	A	82	58.67	43.63	25.634907107550703
82	T	83	101.96	7.84	92.31071008238526
83	N	84	71.81	21.74	69.72566494917143
84	E	85	74.37	16.41	77.93465106897943
85	V	86	94.69	0.0	100.0
86	P	87	5.65	0.0	100.0
87	E	88	55.98	0.0	100.0
88	V	89	30.57	0.0	100.0
89	T	90	69.87	0.0	100.0
90	V	91	26.27	0.0	100.0
91	F	92	84.14	42.96	48.94223912526741
92	S	93	28.55	10.06	64.76357267950964
93	K	94	149.51	102.82	31.22868035582904
94	S	95	55.0	21.32	61.236363636363635
95	P	96	124.48	73.15	41.23553984575835
96	V	97	68.11	0.0	100.0
97	T	98	78.34	0.0	100.0
98	L	99	89.14	0.0	100.0
99	G	100	40.31	0.0	100.0
100	Q	101	116.55	0.0	100.0
101	P	102	102.12	0.0	100.0
102	N	103	11.17	0.0	100.0
103	T	104	23.81	0.0	100.0
104	L	105	0.0	0.0	100.0
105	I	106	20.6	20.44	0.7766990291262142
106	C	107	0.0	0.0	0.7766990291262142
107	L	108	47.88	6.53	86.36173767752715
108	V	109	0.0	0.0	86.36173767752715
109	D	110	35.7	0.0	100.0
110	N	111	37.65	2.7	92.82868525896414
111	I	112	0.0	0.0	92.82868525896414
112	F	113	58.49	58.33	0.273551034364855
113	P	114	10.71	10.38	3.0812324929971995
114	P	115	6.37	3.68	42.22919937205651
115	V	116	32.58	0.0	100.0
116	V	117	23.78	0.0	100.0
117	N	118	83.98	0.0	100.0
118	I	119	13.64	0.0	100.0
119	T	120	72.3	0.0	100.0
120	W	121	2.1	0.0	100.0
121	L	122	42.29	0.0	100.0
122	S	123	33.12	0.0	100.0
123	N	124	78.27	0.0	100.0
124	G	125	55.35	0.0	100.0
125	H	126	139.21	0.0	100.0
126	S	127	86.31	0.0	100.0
127	V	128	33.09	0.0	100.0
128	T	129	121.57	0.0	100.0
129	E	130	88.14	0.0	100.0
130	G	131	42.49	0.0	100.0
131	V	132	57.01	0.0	100.0
132	S	133	62.2	0.0	100.0
133	E	134	81.97	0.0	100.0
134	T	135	21.98	10.71	51.27388535031847
135	S	136	15.28	0.0	100.0
136	F	137	25.21	0.0	100.0
137	L	138	8.7	3.68	57.701149425287355
138	S	139	37.54	16.04	57.27224294086308
139	K	140	63.76	5.38	91.5621079046424
140	S	141	110.67	0.0	100.0
141	D	142	91.83	25.94	71.75215071327453
142	H	143	156.27	136.43	12.695974915210853
143	S	144	8.43	8.43	0.0
144	F	145	17.35	17.35	0.0
145	F	146	38.29	11.09	71.03682423609298
146	K	147	18.92	0.0	100.0
147	I	148	26.78	26.44	1.2696041822255408
148	S	149	0.49	0.0	100.0
149	Y	150	59.25	40.42	31.780590717299575
150	L	151	6.52	0.0	100.0
151	T	152	81.2	0.0	100.0
152	F	153	23.06	0.0	100.0
153	L	154	93.44	0.0	100.0
154	P	155	3.29	0.0	100.0
155	S	156	43.9	0.0	100.0
156	A	157	112.58	0.0	100.0
157	D	158	123.99	0.0	100.0
158	E	159	22.28	0.0	100.0
159	I	160	27.52	0.0	100.0
160	Y	161	14.47	0.0	100.0
161	D	162	25.11	0.0	100.0
162	C	163	0.25	0.0	100.0
163	K	164	12.04	0.0	100.0
164	V	165	0.27	0.0	100.0
165	E	166	78.7	0.0	100.0
166	H	167	14.31	0.0	100.0
167	W	168	111.05	54.88	50.58081945069788
168	G	169	18.46	0.0	100.0
169	L	170	26.91	0.0	100.0
170	D	171	159.9	0.0	100.0
171	E	172	70.06	0.0	100.0
172	P	173	78.1	0.0	100.0
173	L	174	69.7	0.0	100.0
174	L	175	96.81	0.0	100.0
175	K	176	24.66	0.0	100.0
176	H	177	104.27	0.0	100.0
177	W	178	34.19	0.0	100.0
178	E	179	129.93	0.0	100.0
179	P	180	73.11	0.0	100.0
