	Residue	No	ASA	BSA	Availability
0	A	1	153.58	0.17	99.88930850371143
1	P	2	135.76	76.67	43.52533883323512
2	S	3	106.85	47.09	55.9288722508189
3	G	4	74.89	50.55	32.50100146882094
4	E	5	168.79	168.79	0.0
5	G	6	75.99	74.5	1.9607843137254837
6	S	7	103.24	83.83	18.800852382797363
7	F	8	209.83	209.83	0.0
8	Q	9	161.95	67.08	58.57980858289595
9	P	10	127.96	127.96	0.0
10	S	11	113.52	113.52	0.0
11	Q	12	156.84	67.55	56.93062994134149
12	E	13	155.69	155.69	0.0
13	N	14	117.34	69.91	40.420998806885976
14	P	15	123.72	37.8	69.44713870029098
15	Q	16	128.04	0.12	99.90627928772258
