	Residue	No	ASA	BSA	Availability
0	S	1	162.82	66.52	59.14506817344307
1	P	2	125.89	73.66	41.488601159742636
2	E	3	152.99	86.92	43.185829139159424
3	D	4	109.3	106.8	2.2872827081427265
4	F	5	140.52	118.17	15.905209222886427
5	V	6	64.81	64.81	0.0
6	Y	7	123.9	123.9	0.0
7	Q	8	57.92	57.92	0.0
8	F	9	115.08	115.08	0.0
9	K	10	114.14	94.02	17.6274750306641
10	G	11	67.67	67.67	0.0
11	C	13	54.72	52.63	3.819444444444438
12	Y	14	99.84	64.91	34.98597756410257
13	F	15	78.57	75.57	3.8182512409316534
14	T	16	60.11	28.49	52.60356013974381
15	N	17	116.67	13.78	88.18890888831747
16	G	18	29.87	1.6	94.64345497154335
17	T	19	75.68	0.0	100.0
18	E	20	136.41	0.0	100.0
19	R	21	98.25	17.31	82.38167938931298
20	V	22	15.85	0.0	100.0
21	R	23	93.64	21.9	76.6125587355831
22	L	24	6.86	6.03	12.099125364431487
23	V	25	7.35	0.15	97.95918367346938
24	T	26	8.86	7.52	15.124153498871332
25	R	27	63.34	9.57	84.89106409851594
26	Y	28	34.43	34.43	0.0
27	I	29	12.88	12.88	0.0
28	Y	30	78.26	72.98	6.746741630462562
29	N	31	58.7	44.27	24.582623509369675
30	R	32	231.95	157.77	31.981030394481564
31	E	33	78.43	0.0	100.0
32	E	34	32.29	16.92	47.59987612263858
33	Y	35	22.7	22.7	0.0
34	A	36	0.0	0.0	0.0
35	R	37	75.85	0.0	100.0
36	F	38	1.1	0.0	100.0
37	D	39	9.3	0.0	100.0
38	S	40	31.92	0.0	100.0
39	D	41	105.95	0.0	100.0
40	V	42	60.34	0.0	100.0
41	G	43	16.89	0.0	100.0
42	V	44	51.44	0.0	100.0
43	Y	45	10.22	5.19	49.217221135029355
44	R	46	144.94	0.0	100.0
45	A	47	46.84	0.0	100.0
46	V	48	71.6	0.0	100.0
47	T	49	36.64	0.0	100.0
48	P	50	132.74	0.0	100.0
49	L	51	93.28	72.01	22.802315608919375
50	G	52	0.0	0.0	22.802315608919375
51	P	53	52.39	0.0	100.0
52	P	54	99.02	34.15	65.51201777418704
53	A	55	19.49	19.49	0.0
54	A	56	5.86	0.0	100.0
55	E	57	121.2	0.0	100.0
56	Y	58	127.95	69.66	45.55685814771395
57	W	59	46.79	46.79	0.0
58	N	60	46.27	0.0	100.0
59	S	61	85.88	0.0	100.0
60	Q	62	68.31	1.88	97.2478407261016
61	K	63	77.52	0.0	100.0
62	E	64	128.75	67.12	47.86796116504854
63	V	65	24.03	20.06	16.521015397419898
64	L	66	20.13	0.0	100.0
65	E	67	117.5	40.44	65.58297872340427
66	R	68	154.06	146.36	4.998052706737628
67	T	69	6.04	1.35	77.64900662251655
68	R	70	126.91	0.0	100.0
69	A	71	44.46	35.27	20.670265407107507
70	E	72	50.73	45.29	10.72343780800315
71	L	73	31.84	0.0	100.0
72	D	74	78.94	29.62	62.47783126425133
73	T	75	91.3	91.3	0.0
74	V	76	60.8	60.8	0.0
75	C	77	2.65	2.65	0.0
76	R	78	88.79	0.0	100.0
77	H	79	104.69	104.69	0.0
78	N	80	65.78	65.78	0.0
79	Y	81	28.54	17.35	39.208128941836016
80	Q	82	87.64	0.0	100.0
81	L	83	76.96	76.96	0.0
82	E	84	64.64	64.64	0.0
83	L	85	73.74	0.0	100.0
84	R	86	158.55	8.09	94.89750867234311
85	T	87	92.92	89.94	3.2070598364184284
86	T	88	29.57	28.33	4.1934392965843825
87	L	89	81.19	41.47	48.92228106909718
88	Q	90	127.06	0.0	100.0
89	R	91	87.98	45.74	48.01091157081155
90	R	92	129.44	0.0	100.0
91	V	93	38.66	0.0	100.0
92	E	94	68.6	0.0	100.0
93	P	95	10.75	0.0	100.0
94	T	96	81.06	1.67	97.93979768073032
95	V	97	16.77	0.0	100.0
96	T	98	80.08	19.59	75.53696303696303
97	I	99	26.8	0.0	100.0
98	S	100	58.92	5.02	91.47997284453497
99	P	101	70.95	0.0	100.0
100	S	102	76.32	0.0	100.0
101	H	103	165.01	0.0	100.0
102	N	104	112.59	0.0	100.0
103	L	105	81.37	0.0	100.0
104	L	106	13.32	0.0	100.0
105	V	107	34.32	0.0	100.0
106	C	108	0.0	0.0	100.0
107	S	109	24.37	15.34	37.05375461633156
108	V	110	0.27	0.0	100.0
109	T	111	41.19	36.84	10.560815731973767
110	D	112	67.65	35.61	47.36141906873615
111	F	113	0.0	0.0	47.36141906873615
112	Y	114	33.1	24.21	26.858006042296072
113	P	115	34.45	0.0	100.0
114	A	116	41.26	0.0	100.0
115	Q	117	130.47	0.0	100.0
116	I	118	39.13	0.0	100.0
117	K	119	48.01	0.0	100.0
118	V	120	32.25	0.0	100.0
119	R	121	120.35	0.0	100.0
120	W	122	5.24	0.0	100.0
121	F	123	12.84	0.0	100.0
122	R	124	99.98	0.0	100.0
123	N	125	64.08	0.0	100.0
124	D	126	76.3	0.0	100.0
125	Q	127	135.71	0.0	100.0
126	E	128	116.12	0.0	100.0
127	E	129	106.39	0.0	100.0
128	T	130	39.36	0.0	100.0
129	T	131	149.09	0.0	100.0
130	G	132	41.46	0.0	100.0
131	V	133	53.87	0.0	100.0
132	V	134	86.06	0.0	100.0
133	S	135	65.83	0.0	100.0
134	T	136	55.23	0.0	100.0
135	P	137	111.35	0.0	100.0
136	L	138	72.1	0.0	100.0
137	I	139	60.17	24.94	58.550772810370624
138	R	140	176.92	109.22	38.26588288491973
139	N	141	57.16	57.16	0.0
140	G	142	59.7	52.2	12.562814070351758
141	D	143	101.24	46.99	53.58553931252469
142	W	144	145.11	144.03	0.744262972917106
143	T	145	15.58	3.32	78.69062901155327
144	F	146	9.14	5.41	40.80962800875273
145	Q	147	50.37	44.68	11.296406591224931
146	I	148	20.57	0.0	100.0
147	L	149	58.05	0.0	100.0
148	V	150	11.24	0.0	100.0
149	L	152	17.92	0.0	100.0
150	E	153	85.27	0.0	100.0
151	T	155	119.75	0.0	100.0
152	P	156	65.62	0.0	100.0
153	Q	157	125.33	0.0	100.0
154	R	158	120.21	0.0	100.0
155	G	159	68.58	0.0	100.0
156	D	160	15.82	0.0	100.0
157	V	161	58.95	0.0	100.0
158	Y	162	15.18	0.0	100.0
159	T	163	18.3	0.0	100.0
160	C	164	0.0	0.0	100.0
161	H	165	30.58	0.0	100.0
162	V	166	0.0	0.0	100.0
163	E	167	78.93	0.0	100.0
164	H	168	10.66	0.0	100.0
165	P	169	53.41	0.0	100.0
166	S	170	37.86	0.0	100.0
167	L	171	36.32	0.0	100.0
168	Q	172	174.78	0.0	100.0
169	N	173	99.17	0.0	100.0
170	P	174	62.19	0.0	100.0
171	I	175	48.2	0.0	100.0
172	I	176	97.46	0.0	100.0
173	V	177	38.66	0.0	100.0
174	E	178	119.18	0.0	100.0
175	W	179	62.42	0.0	100.0
176	R	180	100.91	0.0	100.0
