	Residue	No	ASA	BSA	Availability
0	D	1	164.65	0.0	100.0
1	S	2	100.93	41.07	59.3084315862479
2	P	3	126.07	65.15	48.322360593321164
3	E	4	149.44	27.82	81.3838329764454
4	D	5	107.48	104.07	3.172683289914412
5	F	6	137.27	114.61	16.507612734027834
6	V	7	64.66	64.66	0.0
7	Y	8	118.04	118.04	0.0
8	Q	9	62.06	61.89	0.2739284563325841
9	F	10	111.53	111.53	0.0
10	K	11	105.83	88.26	16.602097703864683
11	G	12	71.46	71.46	0.0
12	C	14	52.39	50.79	3.054017942355414
13	Y	15	103.77	77.49	25.32523850823938
14	F	16	76.94	75.84	1.4296854691967695
15	T	17	82.6	40.88	50.508474576271176
16	N	18	111.0	13.07	88.22522522522523
17	G	19	40.78	1.17	97.13094654242275
18	T	20	72.69	0.0	100.0
19	E	21	122.17	0.0	100.0
20	R	22	93.12	0.0	100.0
21	V	23	12.04	0.0	100.0
22	R	24	89.1	33.83	62.0314253647587
23	L	25	7.03	7.03	0.0
24	V	26	10.88	6.28	42.279411764705884
25	T	27	8.71	7.04	19.17336394948336
26	R	28	61.16	24.0	60.75866579463701
27	Y	29	26.98	26.98	0.0
28	I	30	11.03	11.03	0.0
29	Y	31	84.31	79.01	6.286324279444902
30	N	32	59.89	46.69	22.040407413591588
31	R	33	233.21	163.72	29.797178508640283
32	E	34	76.75	0.0	100.0
33	E	35	28.69	12.97	54.79261066573719
34	Y	36	23.54	23.54	0.0
35	A	37	0.0	0.0	0.0
36	R	38	80.62	0.58	99.28057553956835
37	F	39	0.79	0.0	100.0
38	D	40	14.26	0.0	100.0
39	S	41	31.8	0.0	100.0
40	D	42	80.51	0.0	100.0
41	V	43	66.08	0.0	100.0
42	G	44	12.8	0.0	100.0
43	V	45	51.06	0.0	100.0
44	Y	46	4.66	0.86	81.54506437768241
45	R	47	137.36	0.0	100.0
46	A	48	45.59	0.0	100.0
47	V	49	65.32	0.0	100.0
48	T	50	34.29	0.0	100.0
49	P	51	133.55	1.35	98.9891426432048
50	L	52	85.54	67.86	20.668693009118545
51	G	53	0.0	0.0	20.668693009118545
52	P	54	48.82	0.0	100.0
53	P	55	103.1	41.52	59.72841901066924
54	A	56	16.22	16.22	0.0
55	A	57	4.19	0.0	100.0
56	E	58	119.36	0.0	100.0
57	Y	59	124.34	81.68	34.309152324272155
58	W	60	47.43	47.43	0.0
59	N	61	49.62	0.0	100.0
60	S	62	87.13	0.0	100.0
61	Q	63	45.11	15.28	66.12724451341165
62	K	64	170.69	0.0	100.0
63	E	65	93.13	48.85	47.546440459572636
64	V	66	21.18	4.28	79.7922568460812
65	L	67	22.98	0.0	100.0
66	E	68	122.71	74.31	39.442588216119304
67	R	69	113.95	113.95	0.0
68	T	70	0.5	0.0	100.0
69	R	71	120.71	0.0	100.0
70	A	72	42.39	27.1	36.06982778957301
71	E	73	39.25	32.79	16.45859872611465
72	L	74	34.21	0.0	100.0
73	D	75	76.1	14.0	81.60315374507228
74	T	76	88.3	82.83	6.194790486976216
75	V	77	61.24	61.24	0.0
76	C	78	1.49	1.49	0.0
77	R	79	95.02	0.0	100.0
78	H	80	105.9	93.13	12.058545797922578
79	N	81	62.86	62.86	0.0
80	Y	82	28.94	15.86	45.1969592259848
81	Q	83	70.59	0.0	100.0
82	L	84	93.18	85.94	7.769907705516214
83	E	85	65.41	65.41	0.0
84	L	86	71.23	0.0	100.0
85	R	87	167.62	2.2	98.687507457344
86	T	88	90.37	84.5	6.495518424255842
87	T	89	33.04	30.7	7.0823244552058116
88	L	90	69.3	36.81	46.88311688311688
89	Q	91	126.57	0.0	100.0
90	R	92	81.21	36.78	54.71001108237902
91	R	93	127.11	0.0	100.0
92	V	94	47.52	0.0	100.0
93	E	95	112.29	0.0	100.0
94	P	96	9.24	0.0	100.0
95	T	97	84.3	0.0	100.0
96	V	98	13.59	0.0	100.0
97	T	99	73.65	15.99	78.28920570264766
98	I	100	29.08	0.0	100.0
99	S	101	59.24	4.35	92.65698852126941
100	P	102	125.79	0.0	100.0
101	L	103	117.24	0.0	100.0
102	L	104	22.48	0.0	100.0
103	V	105	58.89	0.0	100.0
104	C	106	0.0	0.0	100.0
105	S	107	27.82	17.91	35.62185478073329
106	V	108	0.0	0.0	35.62185478073329
107	T	109	31.95	29.61	7.323943661971831
108	D	110	68.82	36.47	47.0066841034583
109	F	111	0.0	0.0	47.0066841034583
110	Y	112	32.06	21.29	33.593262632563956
111	P	113	24.58	0.0	100.0
112	A	114	28.91	0.0	100.0
113	Q	115	110.94	0.0	100.0
114	I	116	41.82	0.0	100.0
115	K	117	60.99	0.0	100.0
116	V	118	41.51	0.0	100.0
117	R	119	43.87	0.0	100.0
118	W	120	38.83	0.0	100.0
119	Q	121	149.14	0.0	100.0
120	E	122	88.33	0.0	100.0
121	E	123	81.54	0.0	100.0
122	T	124	65.96	0.0	100.0
123	T	125	117.26	0.0	100.0
124	G	126	66.91	0.0	100.0
125	V	127	52.84	0.0	100.0
126	V	128	88.5	0.0	100.0
127	S	129	68.31	0.0	100.0
128	T	130	43.98	0.0	100.0
129	P	131	105.96	0.0	100.0
130	L	132	71.09	0.0	100.0
131	I	133	65.06	20.65	68.26006762988011
132	R	134	188.72	107.02	43.29164900381518
133	N	135	62.61	62.61	0.0
134	G	136	62.23	45.11	27.510846858428405
135	D	137	94.93	44.86	52.74412725165912
136	W	138	151.51	146.75	3.1417068180318073
137	T	139	19.06	2.43	87.2507869884575
138	F	140	14.07	3.6	74.4136460554371
139	Q	141	48.62	39.29	19.189633895516245
140	I	142	16.57	0.0	100.0
141	L	143	53.67	0.0	100.0
142	V	144	11.56	0.0	100.0
143	L	146	33.62	0.0	100.0
144	E	147	123.45	0.0	100.0
145	D	149	150.72	0.0	100.0
146	V	150	85.21	0.0	100.0
147	Y	151	91.99	0.0	100.0
148	T	152	40.54	0.0	100.0
149	C	153	0.16	0.0	100.0
150	H	154	67.31	0.0	100.0
151	V	155	0.0	0.0	100.0
152	E	156	84.74	0.0	100.0
153	H	157	11.12	0.0	100.0
154	P	158	68.14	0.0	100.0
155	S	159	30.49	0.0	100.0
156	L	160	35.85	0.0	100.0
157	Q	161	106.32	0.0	100.0
158	N	162	118.35	0.0	100.0
159	P	163	41.19	0.0	100.0
160	I	164	62.74	0.0	100.0
161	I	165	104.92	0.0	100.0
162	V	166	31.29	0.0	100.0
163	E	167	114.95	0.0	100.0
164	W	168	115.02	0.0	100.0
165	R	169	83.66	0.0	100.0
