	Residue	No	ASA	BSA	Availability
0	I	1	229.79	36.93	83.92880456068585
1	V	2	102.27	16.25	84.11068739610835
2	A	3	70.22	41.08	41.498148675591004
3	D	4	141.81	53.02	62.61194556096184
4	H	5	119.49	72.18	39.59327140346472
5	V	6	92.95	29.81	67.92899408284023
6	A	7	42.05	37.87	9.940546967895363
7	S	8	36.15	14.29	60.470262793914245
8	Y	9	136.31	136.31	0.0
9	G	10	24.77	24.77	0.0
10	V	11	20.93	20.93	0.0
11	N	12	50.22	50.22	0.0
12	L	13	21.76	19.42	10.753676470588234
13	Y	14	35.32	17.75	49.74518686296715
14	Q	15	29.91	20.58	31.193580742226683
15	S	16	87.43	43.12	50.68054443554845
16	Y	17	125.99	29.44	76.63306611635844
17	G	18	70.85	0.0	100.0
18	P	19	90.17	0.0	100.0
19	S	20	46.24	0.0	100.0
20	G	21	30.15	0.0	100.0
21	Q	22	21.55	0.0	100.0
22	Y	23	9.11	9.11	0.0
23	S	24	1.64	0.0	100.0
24	H	25	15.52	15.52	0.0
25	E	26	10.48	0.0	100.0
26	F	27	80.16	79.21	1.1851297405189656
27	D	28	72.94	30.56	58.10255004112969
28	G	29	46.56	17.38	62.671821305841924
29	D	30	100.0	99.18	0.8199999999999932
30	E	31	19.52	14.81	24.129098360655735
31	E	32	6.05	6.05	0.0
32	F	33	2.81	2.81	0.0
33	Y	34	67.68	0.0	100.0
34	V	35	5.04	0.0	100.0
35	D	36	27.2	0.0	100.0
36	L	37	38.64	0.0	100.0
37	E	38	145.44	0.0	100.0
38	R	39	161.85	0.0	100.0
39	K	40	126.86	33.67	73.45893110515529
40	E	41	81.68	0.0	100.0
41	T	42	30.35	0.0	100.0
42	V	43	46.09	0.0	100.0
43	W	44	22.43	6.1	72.80427998216673
44	Q	45	69.89	7.51	89.2545428530548
45	L	46	87.78	73.93	15.778081567555244
46	P	47	85.57	0.0	100.0
47	L	48	113.15	52.19	53.87538665488291
48	F	49	33.62	33.62	0.0
49	R	50	143.87	0.0	100.0
50	R	51	190.03	5.33	97.19517970846707
51	F	52	166.05	36.96	77.7416440831075
52	R	53	107.37	107.37	0.0
53	R	54	211.24	137.97	34.68566559363757
54	F	55	40.79	33.79	17.161068889433682
55	D	56	50.23	29.19	41.887318335655976
56	P	57	32.97	0.0	100.0
57	Q	58	124.82	100.78	19.259734016984453
58	F	59	121.69	121.69	0.0
59	A	60	0.0	0.0	0.0
60	L	61	52.94	25.61	51.62448054401209
61	T	62	79.61	79.61	0.0
62	N	63	53.54	53.54	0.0
63	I	64	17.75	0.0	100.0
64	A	65	55.12	37.74	31.531204644412185
65	V	66	84.48	84.48	0.0
66	L	67	47.95	47.95	0.0
67	K	68	107.42	20.44	80.97188605473842
68	H	69	115.07	107.82	6.300512731380898
69	N	70	71.75	71.75	0.0
70	L	71	53.7	50.19	6.536312849162021
71	N	72	75.61	0.0	100.0
72	I	73	78.09	45.69	41.49058778332694
73	V	74	71.76	71.76	0.0
74	I	75	63.49	34.2	46.13324933060324
75	K	76	161.15	34.93	78.3245423518461
76	R	77	186.12	131.72	29.228454760369655
77	S	78	50.7	28.23	44.319526627218934
78	N	79	134.62	29.01	78.45045312732135
79	S	80	85.01	18.84	77.83790142336196
80	T	81	105.45	31.11	70.49786628733997
81	A	82	85.78	49.99	41.723012357192815
82	A	83	59.87	45.17	24.553198596960073
83	T	84	106.97	0.0	100.0
84	N	85	75.39	15.74	79.12189945616129
85	E	86	72.79	18.75	74.24096716581948
86	V	87	100.03	0.0	100.0
87	P	88	6.85	0.0	100.0
88	E	89	101.95	0.0	100.0
89	V	90	27.86	0.0	100.0
90	T	91	68.31	0.0	100.0
91	V	92	23.84	0.0	100.0
92	F	93	85.53	46.82	45.25897345960482
93	S	94	30.89	10.55	65.84655228229201
94	K	95	144.43	106.97	25.93643979782594
95	S	96	49.2	15.84	67.80487804878048
96	P	97	121.15	74.46	38.53900123813455
97	V	98	63.37	0.0	100.0
98	T	99	73.02	0.0	100.0
99	L	100	82.77	0.0	100.0
100	G	101	54.94	0.0	100.0
101	Q	102	117.99	0.0	100.0
102	P	103	106.86	0.0	100.0
103	N	104	9.13	0.0	100.0
104	T	105	22.47	0.34	98.48687138406764
105	L	106	0.0	0.0	98.48687138406764
106	I	107	22.91	22.74	0.7420340462680127
107	C	108	0.0	0.0	0.7420340462680127
108	L	109	48.72	4.18	91.42036124794745
109	V	110	0.0	0.0	91.42036124794745
110	D	111	33.36	0.0	100.0
111	N	112	30.72	4.66	84.83072916666666
112	I	113	0.0	0.0	84.83072916666666
113	F	114	63.49	60.84	4.173885651283665
114	P	115	14.34	13.51	5.788005578800559
115	P	116	5.51	4.16	24.500907441016327
116	V	117	27.69	0.17	99.38605994944022
117	V	118	16.38	0.0	100.0
118	N	119	84.81	0.0	100.0
119	I	120	14.92	0.0	100.0
120	T	121	66.51	0.0	100.0
121	W	122	0.62	0.0	100.0
122	L	123	40.06	0.0	100.0
123	S	124	20.94	0.0	100.0
124	N	125	79.83	0.0	100.0
125	G	126	60.89	0.0	100.0
126	H	127	137.53	0.0	100.0
127	S	128	92.26	0.0	100.0
128	V	129	41.43	0.0	100.0
129	T	130	119.36	0.0	100.0
130	E	131	160.88	0.0	100.0
131	G	132	36.86	0.0	100.0
132	V	133	50.19	0.0	100.0
133	S	134	61.02	0.0	100.0
134	E	135	100.16	0.0	100.0
135	T	136	17.48	8.2	53.089244851258584
136	S	137	12.87	0.0	100.0
137	F	138	26.03	0.0	100.0
138	L	139	10.06	6.54	34.990059642147116
139	S	140	35.07	13.87	60.450527516395795
140	K	141	61.3	5.5	91.02773246329527
141	S	142	111.47	0.0	100.0
142	D	143	93.14	30.46	67.29654283873738
143	H	144	157.54	137.5	12.720578900596669
144	S	145	9.51	9.51	0.0
145	F	146	16.02	16.02	0.0
146	F	147	41.72	13.75	67.04218600191754
147	K	148	11.96	0.0	100.0
148	I	149	30.63	30.13	1.632386549134835
149	S	150	0.74	0.0	100.0
150	Y	151	59.92	44.16	26.30173564753005
151	L	152	2.84	0.0	100.0
152	T	153	84.26	0.0	100.0
153	F	154	19.68	0.0	100.0
154	L	155	112.45	0.0	100.0
155	P	156	7.87	0.0	100.0
156	S	157	59.11	0.0	100.0
157	A	158	112.15	0.0	100.0
158	D	159	126.6	0.0	100.0
159	E	160	48.64	0.0	100.0
160	I	161	28.02	0.0	100.0
161	Y	162	15.2	0.0	100.0
162	D	163	26.97	0.0	100.0
163	C	164	0.0	0.0	100.0
164	K	165	9.71	0.0	100.0
165	V	166	0.0	0.0	100.0
166	E	167	76.14	0.0	100.0
167	H	168	11.76	0.0	100.0
168	W	169	121.43	62.23	48.752367619204485
169	G	170	20.43	0.0	100.0
170	L	171	35.19	0.0	100.0
171	D	172	160.99	0.0	100.0
172	E	173	70.62	2.51	96.44576607193429
173	P	174	75.88	0.0	100.0
174	L	175	72.28	0.0	100.0
175	L	176	104.51	0.0	100.0
176	K	177	20.75	0.0	100.0
177	H	178	96.87	0.0	100.0
178	W	179	36.41	0.0	100.0
179	E	180	115.02	0.0	100.0
180	P	181	92.71	0.0	100.0
