	Residue	No	ASA	BSA	Availability
0	D	1	202.9	53.29	73.73583045835387
1	A	2	76.43	0.0	100.0
2	K	3	109.47	0.0	100.0
3	T	4	21.0	0.0	100.0
4	T	5	80.69	0.0	100.0
5	Q	6	34.61	0.0	100.0
6	P	8	58.17	0.0	100.0
7	N	9	101.06	0.0	100.0
8	S	10	66.94	0.0	100.0
9	E	12	136.44	0.0	100.0
10	S	13	16.92	0.0	100.0
11	N	14	88.89	0.0	100.0
12	E	15	23.07	0.0	100.0
13	E	16	62.24	0.0	100.0
14	E	17	84.73	0.0	100.0
15	P	18	74.98	0.0	100.0
16	V	19	18.43	0.0	100.0
17	H	20	113.45	0.0	100.0
18	L	21	3.71	0.0	100.0
19	P	22	67.26	0.0	100.0
20	C	23	1.98	0.0	100.0
21	N	24	90.92	0.0	100.0
22	H	25	1.5	0.0	100.0
23	S	26	71.69	0.0	100.0
24	T	27	100.47	0.0	100.0
25	I	28	27.44	0.0	100.0
26	S	29	50.66	3.93	92.24240031583103
27	G	30	68.67	37.97	44.70656764234746
28	T	36	61.75	61.75	0.0
29	D	37	7.15	0.0	100.0
30	Y	38	63.31	63.31	0.0
31	I	39	0.0	0.0	0.0
32	H	40	5.54	3.68	33.57400722021661
33	W	41	0.0	0.0	33.57400722021661
34	Y	42	33.59	33.59	0.0
35	R	43	39.31	0.0	100.0
36	Q	44	65.35	44.84	31.384850803366476
37	L	45	36.56	0.0	100.0
38	P	46	107.28	15.79	85.28150633855333
39	S	47	119.58	31.75	73.44873724703127
40	Q	48	102.93	8.43	91.80996793937626
41	G	49	53.65	37.8	29.54333643988817
42	P	50	77.25	72.6	6.019417475728163
43	E	51	75.77	1.19	98.4294575689587
44	Y	52	104.32	47.21	54.74501533742331
45	V	53	20.48	0.0	100.0
46	I	54	2.66	0.0	100.0
47	H	55	66.91	43.64	34.77806008070542
48	G	56	5.49	0.0	100.0
49	L	57	74.96	53.29	28.90875133404482
50	T	58	75.11	0.77	98.97483690587138
51	S	64	67.49	0.0	100.0
52	N	65	117.74	0.0	100.0
53	V	66	39.32	0.0	100.0
54	N	67	98.22	0.0	100.0
55	N	68	70.67	0.0	100.0
56	R	74	266.49	0.0	100.0
57	A	76	21.12	0.0	100.0
58	S	77	12.35	0.0	100.0
59	L	78	0.94	0.0	100.0
60	A	79	32.13	0.0	100.0
61	I	80	10.54	0.0	100.0
62	A	81	35.49	0.0	100.0
63	E	82	183.92	0.0	100.0
64	D	83	91.68	0.0	100.0
65	R	84	32.22	0.0	100.0
66	K	85	102.21	0.0	100.0
67	S	86	37.53	0.0	100.0
68	S	87	3.81	0.0	100.0
69	T	88	33.16	0.0	100.0
70	L	89	0.0	0.0	100.0
71	I	90	28.37	0.0	100.0
72	L	91	20.75	0.0	100.0
73	H	92	111.46	0.0	100.0
74	R	93	159.61	0.0	100.0
75	A	94	0.27	0.0	100.0
76	T	95	42.72	0.0	100.0
77	L	96	50.95	0.0	100.0
78	R	97	174.21	0.0	100.0
79	D	98	27.43	0.0	100.0
80	A	99	29.79	0.0	100.0
81	A	100	5.74	0.0	100.0
82	V	101	36.0	0.0	100.0
83	Y	102	0.16	0.0	100.0
84	Y	103	28.51	10.96	61.557348298842506
85	C	104	1.99	0.0	100.0
86	I	105	1.67	0.0	100.0
87	L	106	14.57	0.0	100.0
88	R	107	32.77	26.49	19.163869392737272
89	D	108	37.55	11.91	68.28229027962716
90	S	109	49.99	49.99	0.0
91	R	110	191.19	191.19	0.0
92	A	113	41.55	22.65	45.48736462093863
93	Q	114	136.86	132.27	3.353792196405088
94	K	115	160.26	75.1	53.13864969424685
95	L	116	51.24	49.88	2.654176424668227
96	V	117	97.53	0.33	99.66164257151647
97	F	118	79.52	63.11	20.636317907444663
98	G	119	43.91	0.0	100.0
99	Q	120	155.56	0.0	100.0
100	G	121	6.36	0.0	100.0
101	T	122	6.19	0.0	100.0
102	R	123	137.64	0.0	100.0
103	L	124	8.72	0.0	100.0
104	T	125	44.26	0.0	100.0
105	I	126	10.8	0.0	100.0
106	N	127	17.19	0.0	100.0
107	P	128	12.65	0.0	100.0
108	N	129	94.63	0.0	100.0
109	I	130	24.95	0.0	100.0
110	Q	131	137.31	0.0	100.0
111	N	132	128.71	0.0	100.0
112	P	133	71.26	0.0	100.0
113	D	134	86.17	39.11	54.61297435302309
114	P	135	11.35	0.0	100.0
115	A	136	0.0	0.0	100.0
116	V	137	3.32	0.0	100.0
117	Y	138	71.98	70.98	1.3892747985551541
118	Q	139	129.58	16.7	87.11220867417812
119	L	140	80.31	79.66	0.8093637156020491
120	R	141	89.77	28.36	68.40815417177231
121	D	142	48.27	32.11	33.47835094261447
122	S	143	104.72	82.87	20.865164247517185
123	K	144	145.3	27.67	80.95664143152099
124	S	145	131.74	0.0	100.0
125	S	146	50.87	0.0	100.0
126	D	147	152.31	0.0	100.0
127	K	148	142.51	31.64	77.79804925970107
128	S	149	45.05	2.48	94.49500554938957
129	V	150	49.12	48.78	0.6921824104234453
130	C	151	0.5	0.0	100.0
131	L	152	42.46	42.46	0.0
132	F	153	0.0	0.0	0.0
133	T	154	13.48	11.06	17.952522255192875
134	D	155	32.96	25.03	24.059466019417474
135	F	156	0.0	0.0	24.059466019417474
136	D	157	39.35	0.0	100.0
137	S	158	15.63	0.0	100.0
138	Q	159	136.67	0.0	100.0
139	T	160	3.03	0.0	100.0
140	N	161	86.73	0.0	100.0
141	V	162	14.84	0.67	95.48517520215634
142	S	163	69.01	15.95	76.88740762208376
143	Q	164	129.33	11.85	90.83739271630714
144	S	165	37.61	12.08	67.88088274395108
145	K	166	209.85	146.63	30.126280676673815
146	D	167	78.3	64.92	17.088122605363978
147	S	168	89.86	27.6	69.28555530825729
148	D	169	76.41	13.96	81.73014003402696
149	V	170	23.93	8.87	62.93355620559967
150	Y	171	105.57	69.18	34.47001989201476
151	I	172	30.48	26.7	12.40157480314961
152	T	173	53.26	46.9	11.941419451746151
153	D	174	94.99	23.62	75.13422465522686
154	K	175	48.01	4.42	90.79358466986044
155	C	176	80.89	69.01	14.686611447644946
156	V	177	55.92	9.75	82.56437768240343
157	L	178	102.68	96.75	5.775223996883528
158	D	179	80.31	28.51	64.50006225874735
159	R	181	198.82	25.82	87.01337893572075
160	S	182	151.0	3.5	97.68211920529801
161	D	184	155.9	0.0	100.0
162	F	185	130.14	47.44	63.546949439065614
163	K	186	49.24	0.0	100.0
164	S	187	7.89	6.4	18.88466413181241
165	N	188	1.0	0.0	100.0
166	S	189	13.74	12.41	9.67976710334789
167	A	190	1.34	1.34	0.0
168	V	191	45.26	45.26	0.0
169	A	192	0.0	0.0	0.0
170	W	193	97.63	77.6	20.51623476390454
171	S	194	21.04	0.0	100.0
172	N	195	129.35	0.0	100.0
173	K	196	45.39	11.55	74.5538664904164
174	S	197	110.77	0.0	100.0
175	D	198	99.59	32.01	67.85821869665631
176	F	199	36.24	0.0	100.0
177	A	200	49.78	0.0	100.0
178	C	201	17.08	0.0	100.0
179	A	202	66.74	0.0	100.0
180	N	203	75.22	27.73	63.13480457325179
181	A	204	9.31	8.14	12.567132116004295
182	F	205	5.05	4.28	15.24752475247524
183	N	206	52.47	20.31	61.2921669525443
184	N	207	93.08	65.56	29.565964761495483
185	S	208	33.08	4.18	87.3639661426844
186	I	209	52.96	0.0	100.0
187	I	210	46.1	0.0	100.0
188	P	211	43.96	0.0	100.0
189	E	212	120.41	0.0	100.0
190	D	213	84.39	0.0	100.0
191	T	214	19.79	0.0	100.0
192	F	215	107.82	40.42	62.51159339640141
193	F	216	87.84	0.0	100.0
194	P	217	123.06	19.23	84.37347635299854
