	Residue	No	ASA	BSA	Availability
0	V	1	164.66	12.35	92.49969634398154
1	A	2	88.64	44.73	49.53745487364621
2	D	3	137.8	52.33	62.02467343976779
3	H	4	120.05	72.69	39.45022907122033
4	V	5	105.3	35.49	66.2962962962963
5	A	6	39.59	36.02	9.017428643596869
6	S	7	37.04	16.66	55.02159827213823
7	Y	8	134.79	134.79	0.0
8	G	9	23.15	23.15	0.0
9	V	10	20.21	19.91	1.4844136566056443
10	N	11	46.46	46.46	0.0
11	L	12	24.27	20.26	16.522455706633696
12	Y	13	35.33	16.9	52.16529861307671
13	Q	14	30.52	22.21	27.22804718217562
14	S	15	83.4	42.55	48.98081534772183
15	Y	16	131.23	37.59	71.35563514440295
16	G	17	68.71	0.0	100.0
17	P	18	91.39	0.0	100.0
18	S	19	45.58	0.0	100.0
19	G	20	29.57	0.0	100.0
20	Q	21	22.66	0.0	100.0
21	Y	22	7.73	7.48	3.2341526520051747
22	S	23	0.78	0.0	100.0
23	H	24	18.66	18.66	0.0
24	E	25	11.32	0.0	100.0
25	F	26	77.96	77.02	1.205746536685477
26	D	27	65.0	27.78	57.261538461538464
27	G	28	46.9	19.05	59.38166311300639
28	D	29	101.11	97.88	3.1945405993472495
29	E	30	19.2	13.0	32.291666666666664
30	E	31	7.5	7.5	0.0
31	F	32	2.35	2.35	0.0
32	Y	33	65.22	0.0	100.0
33	V	34	5.51	0.0	100.0
34	D	35	40.51	0.0	100.0
35	L	36	32.45	0.0	100.0
36	E	37	158.04	0.0	100.0
37	R	38	164.96	34.93	78.82516973811833
38	K	39	133.97	0.0	100.0
39	E	40	76.51	35.72	53.31329238008104
40	T	41	28.26	0.0	100.0
41	V	42	47.17	0.0	100.0
42	W	43	31.02	7.04	77.30496453900709
43	Q	44	71.29	7.06	90.09678776827045
44	L	45	87.0	69.92	19.632183908045974
45	P	46	92.7	0.17	99.8166127292341
46	L	47	113.19	52.47	53.64431486880466
47	F	48	31.24	31.24	0.0
48	R	49	178.58	63.75	64.30171351775115
49	R	50	179.78	114.8	36.144176215374344
50	F	51	156.27	14.66	90.61880079349844
51	R	52	99.79	99.79	0.0
52	R	53	101.85	50.3	50.61364752086401
53	F	54	43.65	43.65	0.0
54	D	55	63.16	0.58	99.08169727675744
55	P	56	32.03	0.0	100.0
56	Q	57	101.49	32.31	68.16435116760272
57	F	58	112.48	109.57	2.5871266002845044
58	A	59	0.0	0.0	2.5871266002845044
59	L	60	53.41	23.16	56.63733383261561
60	T	61	78.9	65.91	16.46387832699621
61	N	62	55.76	55.76	0.0
62	I	63	20.59	0.0	100.0
63	A	64	62.87	45.24	28.04199141084778
64	V	65	80.11	80.11	0.0
65	L	66	47.42	47.42	0.0
66	K	67	108.27	0.0	100.0
67	H	68	113.52	113.52	0.0
68	N	69	76.75	76.75	0.0
69	L	70	54.55	51.86	4.931255728689272
70	N	71	87.65	0.0	100.0
71	I	72	86.75	42.82	50.63976945244957
72	V	73	70.84	70.84	0.0
73	I	74	64.37	32.92	48.85816374087308
74	K	75	170.37	0.0	100.0
75	R	76	174.81	127.48	27.075110119558378
76	S	77	49.06	26.24	46.5144720750102
77	N	78	136.48	0.0	100.0
78	S	79	82.11	16.51	79.89282669589575
79	T	80	105.01	32.7	68.86010856108942
80	A	81	92.77	48.49	47.730947504581216
81	A	82	57.06	42.38	25.7273045916579
82	T	83	101.54	8.68	91.45164467205043
83	N	84	71.25	19.15	73.12280701754386
84	E	85	72.06	17.76	75.35387177352206
85	V	86	95.63	0.0	100.0
86	P	87	4.3	0.0	100.0
87	E	88	118.37	0.0	100.0
88	V	89	29.86	0.0	100.0
89	T	90	68.96	0.0	100.0
90	V	91	26.75	0.0	100.0
91	F	92	83.49	44.69	46.472631452868605
92	S	93	33.13	8.84	73.31723513431935
93	K	94	150.16	111.43	25.792488012786357
94	S	95	53.02	18.32	65.44700113164843
95	P	96	123.0	69.78	43.26829268292683
96	V	97	64.76	0.0	100.0
97	T	98	78.89	0.0	100.0
98	L	99	91.46	0.0	100.0
99	G	100	57.17	0.0	100.0
100	Q	101	119.04	0.0	100.0
101	P	102	112.75	0.0	100.0
102	N	103	11.14	0.0	100.0
103	T	104	24.9	0.0	100.0
104	L	105	0.0	0.0	100.0
105	I	106	22.38	22.22	0.7149240393208228
106	C	107	0.0	0.0	0.7149240393208228
107	L	108	47.88	8.21	82.85296574770258
108	V	109	0.0	0.0	82.85296574770258
109	D	110	34.08	0.0	100.0
110	N	111	29.71	3.2	89.22921575227195
111	I	112	0.0	0.0	89.22921575227195
112	F	113	59.32	59.17	0.2528658125421419
113	P	114	10.89	10.72	1.561065197428833
114	P	115	6.92	4.36	36.99421965317919
115	V	116	31.85	0.0	100.0
116	V	117	23.42	0.0	100.0
117	N	118	82.54	0.0	100.0
118	I	119	13.72	0.0	100.0
119	T	120	73.45	0.0	100.0
120	W	121	3.62	0.0	100.0
121	L	122	15.6	0.0	100.0
122	S	123	30.62	0.0	100.0
123	N	124	93.37	0.0	100.0
124	G	125	68.52	0.0	100.0
125	H	126	66.44	0.0	100.0
126	S	127	95.75	0.0	100.0
127	V	128	41.67	0.0	100.0
128	T	129	119.7	0.0	100.0
129	E	130	79.77	0.0	100.0
130	G	131	42.54	0.0	100.0
131	V	132	56.07	0.0	100.0
132	S	133	62.13	0.0	100.0
133	E	134	82.32	0.0	100.0
134	T	135	22.19	10.38	53.222172149616945
135	S	136	15.55	0.0	100.0
136	F	137	25.39	0.0	100.0
137	L	138	8.36	3.85	53.94736842105263
138	S	139	36.93	15.82	57.162198754400215
139	K	140	64.23	5.73	91.07893507706677
140	S	141	108.98	0.0	100.0
141	D	142	88.65	26.6	69.99435984207558
142	H	143	154.58	134.91	12.724802691163163
143	S	144	7.77	7.77	0.0
144	F	145	17.66	17.66	0.0
145	F	146	37.68	11.87	68.49787685774947
146	K	147	18.96	0.0	100.0
147	I	148	26.94	26.77	0.6310319227913945
148	S	149	0.37	0.0	100.0
149	Y	150	60.4	40.25	33.360927152317885
150	L	151	5.02	0.0	100.0
151	T	152	82.46	0.0	100.0
152	F	153	19.29	0.0	100.0
153	L	154	67.0	0.0	100.0
154	P	155	7.63	0.0	100.0
155	S	156	51.27	0.0	100.0
156	A	157	119.09	0.0	100.0
157	D	158	86.83	0.0	100.0
158	E	159	19.45	0.0	100.0
159	I	160	27.52	0.0	100.0
160	Y	161	14.91	0.0	100.0
161	D	162	27.09	0.0	100.0
162	C	163	0.25	0.0	100.0
163	K	164	19.4	0.0	100.0
164	V	165	0.18	0.0	100.0
165	E	166	77.59	0.0	100.0
166	H	167	14.0	0.0	100.0
167	W	168	112.3	58.1	48.263579697239535
168	G	169	18.15	0.0	100.0
169	L	170	26.82	0.0	100.0
170	D	171	158.03	0.0	100.0
171	E	172	70.39	0.0	100.0
172	P	173	76.78	0.0	100.0
173	L	174	69.71	0.0	100.0
174	L	175	107.29	0.0	100.0
175	K	176	24.98	0.0	100.0
176	H	177	102.99	0.0	100.0
177	W	178	35.4	0.0	100.0
178	E	179	130.82	0.0	100.0
179	P	180	72.62	0.0	100.0
