	Residue	No	ASA	BSA	Availability
0	D	1	191.67	17.99	90.61407627693431
1	A	2	26.8	0.0	100.0
2	K	3	65.26	0.0	100.0
3	T	4	33.17	0.0	100.0
4	T	5	90.31	0.0	100.0
5	Q	6	31.28	0.0	100.0
6	P	7	52.41	0.0	100.0
7	N	8	110.54	0.0	100.0
8	S	9	90.79	0.0	100.0
9	E	11	139.48	0.0	100.0
10	S	12	21.94	0.0	100.0
11	N	13	66.52	0.0	100.0
12	E	14	30.65	0.0	100.0
13	E	15	85.94	0.0	100.0
14	E	16	88.14	0.0	100.0
15	P	17	85.49	0.0	100.0
16	V	18	5.36	0.0	100.0
17	H	19	112.38	0.0	100.0
18	L	20	5.49	0.0	100.0
19	P	21	55.65	0.0	100.0
20	C	22	0.56	0.0	100.0
21	N	23	73.82	0.0	100.0
22	H	24	2.99	0.0	100.0
23	S	25	76.51	0.0	100.0
24	T	26	94.39	0.0	100.0
25	I	27	23.98	0.0	100.0
26	S	28	48.97	28.39	42.02573003879927
27	G	29	67.67	31.56	53.36190335451455
28	T	30	68.55	68.55	0.0
29	D	31	10.57	0.0	100.0
30	Y	32	94.73	94.73	0.0
31	I	33	0.0	0.0	0.0
32	H	34	25.08	24.16	3.6682615629983975
33	W	35	0.0	0.0	3.6682615629983975
34	Y	36	38.22	38.22	0.0
35	R	37	65.35	0.0	100.0
36	Q	38	53.64	39.01	27.274422073079798
37	L	39	40.85	0.0	100.0
38	P	40	116.96	1.34	98.85430916552667
39	S	41	121.98	64.85	46.83554681095262
40	Q	42	94.8	7.76	91.81434599156117
41	G	43	50.07	37.22	25.664070301577794
42	P	44	64.24	60.06	6.506849315068481
43	E	45	72.52	11.52	84.11472697186983
44	Y	46	104.72	33.27	68.22956455309395
45	V	47	25.26	0.0	100.0
46	I	48	1.34	0.0	100.0
47	H	49	75.06	66.38	11.564082067679198
48	G	50	5.85	3.52	39.82905982905983
49	L	51	69.2	42.44	38.67052023121388
50	T	52	75.76	0.0	100.0
51	S	53	84.33	0.0	100.0
52	N	54	94.88	0.0	100.0
53	V	55	44.58	0.0	100.0
54	N	56	115.14	0.0	100.0
55	N	57	72.57	0.0	100.0
56	R	58	262.48	0.0	100.0
57	A	60	17.13	0.0	100.0
58	S	61	7.53	0.0	100.0
59	L	62	1.59	0.0	100.0
60	A	63	28.61	0.0	100.0
61	I	64	12.82	0.0	100.0
62	A	65	35.39	0.0	100.0
63	E	66	174.81	0.0	100.0
64	D	67	86.65	0.0	100.0
65	R	68	30.58	0.0	100.0
66	K	69	101.32	0.0	100.0
67	S	70	37.94	0.0	100.0
68	S	71	4.71	0.0	100.0
69	T	72	28.28	0.0	100.0
70	L	73	0.0	0.0	100.0
71	I	74	24.55	0.0	100.0
72	L	75	20.59	0.0	100.0
73	H	76	120.49	0.0	100.0
74	R	77	159.87	0.0	100.0
75	A	78	0.0	0.0	100.0
76	T	79	32.29	0.0	100.0
77	L	80	38.87	0.0	100.0
78	R	81	195.46	0.0	100.0
79	D	82	21.83	0.0	100.0
80	A	83	39.49	0.0	100.0
81	A	84	7.21	0.0	100.0
82	V	85	41.49	0.0	100.0
83	Y	86	2.11	0.0	100.0
84	Y	87	26.46	16.5	37.641723356009074
85	C	88	1.35	0.0	100.0
86	I	89	1.84	0.0	100.0
87	L	90	17.98	0.0	100.0
88	R	91	55.63	50.24	9.689016717598419
89	D	92	23.09	9.79	57.60069294066697
90	R	93	191.22	191.22	0.0
91	S	94	111.4	111.4	0.0
92	N	95	68.35	31.99	53.196781272860285
93	Q	96	162.99	80.11	50.849745383152346
94	F	97	71.72	66.56	7.194645844952589
95	Y	98	162.62	24.31	85.05103923256672
96	F	99	68.36	63.3	7.4019894675248725
97	G	100	35.31	9.22	73.8884168790711
98	T	101	105.72	0.0	100.0
99	G	102	2.76	0.0	100.0
100	T	103	5.04	0.0	100.0
101	S	104	47.98	0.0	100.0
102	L	105	9.51	0.0	100.0
103	T	106	62.0	0.0	100.0
104	V	107	10.53	0.0	100.0
105	I	108	20.82	0.0	100.0
106	P	109	2.45	0.0	100.0
107	N	110	106.09	0.0	100.0
108	I	111	22.06	0.0	100.0
109	Q	112	149.39	0.0	100.0
110	N	113	131.47	0.0	100.0
111	P	114	66.13	0.0	100.0
112	D	115	84.28	34.64	58.898908400569525
113	P	116	16.98	0.0	100.0
114	A	117	0.0	0.0	100.0
115	V	118	3.24	0.0	100.0
116	Y	119	73.26	72.26	1.365001365001365
117	Q	120	116.55	19.16	83.56070356070356
118	L	121	82.42	81.26	1.407425382188785
119	R	122	75.5	24.6	67.41721854304636
120	D	123	55.86	40.92	26.745435016111703
121	S	124	122.25	85.94	29.701431492842538
122	K	125	191.45	1.51	99.21128231914338
123	S	126	39.93	0.0	100.0
124	S	127	96.85	0.0	100.0
125	D	128	129.02	0.0	100.0
126	K	129	128.77	25.13	80.48458491884757
127	S	130	39.52	2.26	94.28137651821864
128	V	131	50.93	50.09	1.6493225996465664
129	C	132	0.5	0.0	100.0
130	L	133	40.87	40.2	1.639344262295069
131	F	134	0.16	0.0	100.0
132	T	135	11.84	10.12	14.527027027027032
133	D	136	31.81	23.27	26.846903489468723
134	F	137	0.45	0.0	100.0
135	D	138	51.58	0.0	100.0
136	S	139	22.09	0.0	100.0
137	Q	140	139.86	0.0	100.0
138	T	141	6.1	0.0	100.0
139	N	142	99.61	0.0	100.0
140	V	143	24.34	0.0	100.0
141	S	144	42.05	0.0	100.0
142	Q	145	115.43	19.82	82.829420427965
143	S	146	27.63	0.0	100.0
144	K	147	186.65	0.0	100.0
145	D	148	72.91	0.0	100.0
146	S	149	101.95	4.03	96.04708190289357
147	D	150	77.1	0.0	100.0
148	V	151	21.9	0.0	100.0
149	Y	152	100.79	70.9	29.655719813473556
150	I	153	10.7	6.83	36.168224299065415
151	T	154	54.27	50.35	7.223143541551505
152	D	155	108.25	16.54	84.72055427251732
153	K	156	55.28	8.38	84.84081041968162
154	C	157	92.1	77.8	15.52660152008686
155	V	158	54.0	5.39	90.01851851851852
156	L	159	99.93	94.24	5.693985790053048
157	D	160	70.71	31.46	55.50841465139301
158	R	162	202.13	27.11	86.58783950922673
159	S	163	144.15	1.75	98.78598681928547
160	D	165	156.06	0.0	100.0
161	F	166	130.3	49.52	61.995395241749804
162	K	167	46.88	0.0	100.0
163	S	168	6.85	5.44	20.583941605839406
164	N	169	0.4	0.0	100.0
165	S	170	18.83	18.16	3.558151885289422
166	A	171	0.34	0.34	0.0
167	V	172	45.55	45.55	0.0
168	A	173	0.0	0.0	0.0
169	W	174	98.77	74.41	24.663359319631468
170	S	175	16.91	0.0	100.0
171	N	176	134.6	0.0	100.0
172	K	177	45.57	0.0	100.0
173	S	178	115.1	0.0	100.0
174	D	179	133.74	0.0	100.0
175	F	180	24.56	0.0	100.0
176	A	181	52.56	0.0	100.0
177	C	182	14.75	0.0	100.0
178	A	183	79.38	0.0	100.0
179	N	184	67.43	0.0	100.0
180	A	185	10.12	0.0	100.0
181	F	186	5.87	0.0	100.0
182	N	187	115.26	0.0	100.0
183	N	188	66.57	0.0	100.0
184	S	189	6.75	0.0	100.0
185	I	190	136.25	0.0	100.0
186	I	191	54.03	0.0	100.0
187	P	192	39.72	0.0	100.0
188	E	193	117.29	0.0	100.0
189	D	194	91.01	0.0	100.0
190	T	195	13.16	0.0	100.0
191	F	196	109.84	36.46	66.80626365622724
192	F	197	87.69	0.0	100.0
193	P	198	118.1	21.59	81.71888230313293
