	Residue	No	ASA	BSA	Availability
0	I	1	231.63	42.68	81.57406208176835
1	V	2	102.38	15.83	84.53799570228561
2	A	3	72.19	40.81	43.46862446322205
3	D	4	142.18	52.89	62.800675200450144
4	H	5	121.27	73.16	39.67180671229488
5	V	6	94.47	29.13	69.16481422673864
6	A	7	41.78	37.37	10.555289612254676
7	S	8	36.22	14.66	59.52512424075096
8	Y	9	135.06	135.06	0.0
9	G	10	21.13	21.13	0.0
10	V	11	20.94	20.6	1.6236867239732562
11	N	12	51.08	51.08	0.0
12	L	13	22.62	19.44	14.058355437665782
13	Y	14	35.4	17.76	49.83050847457626
14	Q	15	30.51	20.6	32.48115372009177
15	S	16	87.59	43.54	50.29112912432926
16	Y	17	126.07	29.12	76.90172126596335
17	G	18	70.84	0.0	100.0
18	P	19	90.41	0.0	100.0
19	S	20	46.21	0.0	100.0
20	G	21	29.99	0.0	100.0
21	Q	22	20.63	0.0	100.0
22	Y	23	7.59	7.59	0.0
23	S	24	1.03	0.0	100.0
24	H	25	16.53	16.53	0.0
25	E	26	10.02	0.0	100.0
26	F	27	80.43	79.18	1.5541464627626507
27	D	28	71.72	29.7	58.58895705521472
28	G	29	48.18	18.4	61.8098796180988
29	D	30	102.44	100.61	1.7864115579851605
30	E	31	19.55	13.3	31.9693094629156
31	E	32	6.37	6.37	0.0
32	F	33	2.65	2.65	0.0
33	Y	34	65.72	0.0	100.0
34	V	35	5.23	0.0	100.0
35	D	36	24.82	0.0	100.0
36	L	37	31.31	0.0	100.0
37	E	38	145.57	0.0	100.0
38	R	39	176.46	0.0	100.0
39	K	40	127.25	32.71	74.29469548133595
40	E	41	68.48	0.0	100.0
41	T	42	30.84	0.0	100.0
42	V	43	45.18	0.0	100.0
43	W	44	22.67	5.93	73.84208204675782
44	Q	45	68.59	6.73	90.18807406327453
45	L	46	87.34	74.12	15.136249141286923
46	P	47	90.7	0.17	99.81256890848952
47	L	48	112.27	52.36	53.3624298565957
48	F	49	34.53	34.37	0.4633651896901352
49	R	50	148.82	0.0	100.0
50	R	51	207.84	0.0	100.0
51	F	52	161.23	25.79	84.00421757737394
52	R	53	104.23	104.23	0.0
53	R	54	213.84	133.4	37.61690983913206
54	F	55	40.25	34.86	13.391304347826088
55	D	56	50.26	28.94	42.41941902109033
56	P	57	33.6	0.0	100.0
57	Q	58	123.97	100.09	19.26272485278696
58	F	59	122.97	122.97	0.0
59	A	60	0.0	0.0	0.0
60	L	61	52.14	25.69	50.728807057920974
61	T	62	81.73	81.73	0.0
62	N	63	53.28	53.28	0.0
63	I	64	18.32	0.0	100.0
64	A	65	55.35	40.05	27.642276422764233
65	V	66	84.26	84.26	0.0
66	L	67	48.17	48.17	0.0
67	K	68	107.43	20.74	80.69440565949921
68	H	69	116.15	112.25	3.3577270770555363
69	N	70	72.06	72.06	0.0
70	L	71	54.01	50.49	6.517311608961296
71	N	72	76.12	0.0	100.0
72	I	73	78.31	45.35	42.089132933214145
73	V	74	72.16	72.16	0.0
74	I	75	64.91	35.31	45.601602218456314
75	K	76	162.13	34.31	78.83796953062358
76	R	77	187.08	133.77	28.49583066067992
77	S	78	49.43	27.78	43.79931215860813
78	N	79	132.77	0.0	100.0
79	S	80	85.0	21.94	74.18823529411766
80	T	81	103.9	30.26	70.87584215591914
81	A	82	85.25	48.63	42.956011730205276
82	A	83	59.96	45.59	23.965977318212136
83	T	84	106.98	0.0	100.0
84	N	85	74.81	16.56	77.86392193557012
85	E	86	74.0	18.28	75.29729729729729
86	V	87	100.12	0.0	100.0
87	P	88	6.22	0.0	100.0
88	E	89	99.88	0.0	100.0
89	V	90	27.31	0.0	100.0
90	T	91	67.49	0.0	100.0
91	V	92	23.94	0.0	100.0
92	F	93	85.1	45.2	46.886016451233836
93	S	94	31.62	10.17	67.83681214421253
94	K	95	144.03	105.62	26.66805526626397
95	S	96	50.52	15.39	69.53681710213777
96	P	97	120.35	65.99	45.16825924387204
97	V	98	62.94	0.0	100.0
98	T	99	73.2	0.0	100.0
99	L	100	80.8	0.0	100.0
100	G	101	56.54	0.0	100.0
101	Q	102	115.8	0.0	100.0
102	P	103	106.63	0.0	100.0
103	N	104	8.73	0.0	100.0
104	T	105	22.58	0.0	100.0
105	L	106	0.0	0.0	100.0
106	I	107	23.44	23.1	1.4505119453924908
107	C	108	0.0	0.0	1.4505119453924908
108	L	109	49.28	5.68	88.47402597402598
109	V	110	0.0	0.0	88.47402597402598
110	D	111	30.55	0.0	100.0
111	N	112	29.9	4.91	83.57859531772576
112	I	113	0.0	0.0	83.57859531772576
113	F	114	61.94	59.59	3.793994187923788
114	P	115	14.58	13.91	4.595336076817558
115	P	116	6.59	4.52	31.411229135053116
116	V	117	28.77	0.34	98.81821341675357
117	V	118	16.69	0.0	100.0
118	N	119	86.28	0.0	100.0
119	I	120	12.92	0.0	100.0
120	T	121	67.42	0.0	100.0
121	W	122	0.89	0.0	100.0
122	L	123	38.86	0.0	100.0
123	S	124	17.96	0.0	100.0
124	N	125	85.09	0.0	100.0
125	G	126	61.29	0.0	100.0
126	H	127	138.5	0.0	100.0
127	S	128	95.06	0.0	100.0
128	V	129	35.54	0.0	100.0
129	T	130	110.28	0.0	100.0
130	E	131	127.09	0.0	100.0
131	G	132	42.95	0.0	100.0
132	V	133	50.44	0.0	100.0
133	S	134	61.06	0.0	100.0
134	E	135	85.68	0.0	100.0
135	T	136	21.8	9.21	57.75229357798165
136	S	137	14.13	0.0	100.0
137	F	138	26.47	0.0	100.0
138	L	139	9.21	0.67	92.72529858849077
139	S	140	34.32	13.04	62.004662004662
140	K	141	58.47	5.39	90.78159740037626
141	S	142	112.73	0.0	100.0
142	D	143	92.07	30.44	66.93819919626371
143	H	144	156.5	137.35	12.23642172523962
144	S	145	8.19	8.19	0.0
145	F	146	15.47	15.47	0.0
146	F	147	40.79	14.69	63.98627114488846
147	K	148	19.42	0.0	100.0
148	I	149	30.99	30.32	2.1619877379799877
149	S	150	0.0	0.0	2.1619877379799877
150	Y	151	57.93	42.96	25.841532884515793
151	L	152	3.34	0.0	100.0
152	T	153	85.37	0.0	100.0
153	F	154	19.54	0.0	100.0
154	L	155	110.09	0.0	100.0
155	P	156	7.68	0.0	100.0
156	S	157	55.44	0.0	100.0
157	A	158	112.01	0.0	100.0
158	D	159	132.75	0.0	100.0
159	E	160	52.45	0.0	100.0
160	I	161	27.68	0.0	100.0
161	Y	162	9.16	0.0	100.0
162	D	163	27.61	0.0	100.0
163	C	164	0.0	0.0	100.0
164	K	165	9.87	0.0	100.0
165	V	166	0.0	0.0	100.0
166	E	167	77.07	0.0	100.0
167	H	168	11.2	0.0	100.0
168	W	169	120.78	60.22	50.140751780096046
169	G	170	20.09	0.0	100.0
170	L	171	34.83	0.0	100.0
171	D	172	162.28	0.0	100.0
172	E	173	70.34	0.0	100.0
173	P	174	76.43	0.0	100.0
174	L	175	70.95	0.0	100.0
175	L	176	106.37	0.0	100.0
176	K	177	20.88	0.0	100.0
177	H	178	98.48	0.0	100.0
178	W	179	35.35	0.0	100.0
179	E	180	113.41	0.0	100.0
180	P	181	93.39	0.0	100.0
