	Residue	No	ASA	BSA	Availability
0	D	1	162.67	0.0	100.0
1	S	2	108.36	44.86	58.60095976375046
2	P	3	123.12	67.6	45.0942170240416
3	E	4	149.93	28.86	80.75101714133262
4	D	5	107.34	104.26	2.8693869945966073
5	F	6	143.23	117.76	17.782587446763937
6	V	7	65.62	65.62	0.0
7	Y	8	125.3	125.3	0.0
8	Q	9	59.7	59.7	0.0
9	F	10	111.31	111.31	0.0
10	K	11	113.32	96.75	14.622308506883158
11	G	12	70.38	70.38	0.0
12	C	14	55.57	54.39	2.123447903545078
13	Y	15	109.28	55.92	48.82869692532943
14	F	16	76.2	73.98	2.913385826771652
15	T	17	86.65	36.1	58.338141950375075
16	N	18	107.71	14.58	86.46365239996287
17	G	19	35.4	1.9	94.63276836158192
18	T	20	85.46	0.0	100.0
19	E	21	121.8	0.0	100.0
20	R	22	41.43	0.0	100.0
21	V	23	22.38	0.0	100.0
22	R	24	95.94	0.0	100.0
23	L	25	6.03	5.86	2.8192371475953553
24	V	26	6.1	0.44	92.78688524590163
25	T	27	7.36	6.19	15.896739130434781
26	R	28	54.5	8.12	85.10091743119267
27	Y	29	25.68	25.68	0.0
28	I	30	13.02	13.02	0.0
29	Y	31	80.15	76.05	5.1154086088584005
30	N	32	52.28	38.65	26.071155317521043
31	R	33	223.84	158.16	29.34238741958542
32	E	34	61.45	0.0	100.0
33	E	35	34.24	18.93	44.71378504672898
34	Y	36	22.33	22.33	0.0
35	A	37	0.0	0.0	0.0
36	R	38	77.24	0.0	100.0
37	F	39	0.95	0.0	100.0
38	D	40	16.04	0.0	100.0
39	S	41	31.76	0.0	100.0
40	D	42	102.07	0.0	100.0
41	V	43	67.96	0.0	100.0
42	G	44	14.92	0.0	100.0
43	V	45	45.77	0.0	100.0
44	Y	46	5.52	1.1	80.07246376811594
45	R	47	138.04	0.0	100.0
46	A	48	46.32	0.0	100.0
47	V	49	73.39	0.0	100.0
48	T	50	34.18	0.0	100.0
49	P	51	132.01	0.49	99.62881599878797
50	L	52	87.96	68.6	22.010004547521604
51	G	53	0.0	0.0	22.010004547521604
52	P	54	66.49	0.0	100.0
53	P	55	101.55	38.04	62.540620384047266
54	A	56	19.74	19.74	0.0
55	A	57	6.51	0.0	100.0
56	E	58	66.86	0.0	100.0
57	Y	59	128.19	90.49	29.409470317497465
58	W	60	43.64	43.64	0.0
59	N	61	46.23	0.0	100.0
60	S	62	88.66	0.0	100.0
61	Q	63	50.17	21.96	56.22882200518238
62	K	64	130.63	0.0	100.0
63	E	65	119.37	83.67	29.907011812013067
64	V	66	28.45	28.45	0.0
65	L	67	15.89	0.0	100.0
66	E	68	69.76	0.0	100.0
67	R	69	119.97	119.97	0.0
68	T	70	0.34	0.0	100.0
69	R	71	94.34	0.0	100.0
70	A	72	44.51	24.84	44.19231633340822
71	E	73	38.48	36.62	4.833679833679833
72	L	74	31.12	0.0	100.0
73	D	75	76.91	14.94	80.57469769860876
74	T	76	92.24	92.24	0.0
75	V	77	61.03	61.03	0.0
76	C	78	1.65	1.65	0.0
77	R	79	101.24	0.0	100.0
78	H	80	107.14	83.73	21.849915997759936
79	N	81	63.38	63.38	0.0
80	Y	82	29.69	17.09	42.43853149208488
81	Q	83	103.25	0.0	100.0
82	L	84	103.44	84.45	18.358468677494194
83	E	85	65.59	65.59	0.0
84	L	86	74.67	0.0	100.0
85	R	87	73.6	1.47	98.00271739130434
86	T	88	89.31	82.79	7.300414287313846
87	T	89	36.4	33.14	8.95604395604395
88	L	90	70.72	39.56	44.06108597285067
89	Q	91	127.99	0.0	100.0
90	R	92	84.99	44.43	47.72326156018355
91	R	93	123.87	0.0	100.0
92	V	94	44.35	0.0	100.0
93	E	95	53.62	0.0	100.0
94	P	96	6.67	0.0	100.0
95	T	97	76.01	3.36	95.57952900934087
96	V	98	15.81	0.0	100.0
97	T	99	79.51	20.31	74.45604326499812
98	I	100	29.56	0.0	100.0
99	S	101	50.04	8.17	83.67306155075939
100	P	102	104.09	0.0	100.0
101	S	103	98.33	0.0	100.0
102	L	104	70.73	0.0	100.0
103	L	105	15.99	0.0	100.0
104	V	106	45.51	0.0	100.0
105	C	107	0.5	0.0	100.0
106	S	108	23.98	19.71	17.80650542118432
107	V	109	0.0	0.0	17.80650542118432
108	T	110	35.45	31.78	10.352609308885759
109	D	111	70.91	37.6	46.975038781554076
110	F	112	0.0	0.0	46.975038781554076
111	Y	113	33.86	23.19	31.512108682811572
112	P	114	35.57	0.0	100.0
113	A	115	41.59	0.0	100.0
114	Q	116	60.91	0.0	100.0
115	I	117	42.71	0.0	100.0
116	K	118	53.39	0.0	100.0
117	V	119	38.78	0.0	100.0
118	R	120	59.47	0.0	100.0
119	W	121	5.29	0.0	100.0
120	F	122	21.13	0.0	100.0
121	Q	123	110.62	0.0	100.0
122	E	124	89.08	0.0	100.0
123	E	125	83.46	0.0	100.0
124	T	126	51.11	0.0	100.0
125	T	127	146.43	0.0	100.0
126	G	128	54.28	0.0	100.0
127	V	129	62.92	0.0	100.0
128	V	130	88.04	0.0	100.0
129	S	131	67.6	0.0	100.0
130	T	132	63.24	0.0	100.0
131	P	133	112.4	0.0	100.0
132	L	134	70.77	0.0	100.0
133	I	135	62.2	23.28	62.57234726688103
134	R	136	181.17	109.99	39.289065518573715
135	N	137	56.28	56.28	0.0
136	G	138	63.19	53.29	15.667035923405601
137	D	139	94.05	44.52	52.66347687400319
138	W	140	150.57	147.97	1.7267716012485852
139	T	141	19.35	5.21	73.0749354005168
140	F	142	12.03	3.29	72.65170407315044
141	Q	143	44.88	38.36	14.527629233511593
142	I	144	26.29	0.0	100.0
143	L	145	56.35	0.0	100.0
144	V	146	10.96	0.0	100.0
145	L	148	43.89	0.0	100.0
146	E	149	125.47	0.0	100.0
147	T	151	113.52	0.0	100.0
148	P	152	94.25	0.0	100.0
149	Q	153	77.86	0.0	100.0
150	R	154	106.1	0.0	100.0
151	G	155	87.51	0.0	100.0
152	D	156	60.88	0.0	100.0
153	V	157	43.02	0.0	100.0
154	Y	158	60.1	0.0	100.0
155	T	159	26.42	0.0	100.0
156	C	160	0.86	0.0	100.0
157	H	161	61.86	0.0	100.0
158	V	162	0.34	0.0	100.0
159	E	163	106.15	0.0	100.0
160	H	164	12.52	0.0	100.0
161	P	165	69.33	0.0	100.0
162	S	166	33.42	0.0	100.0
163	L	167	40.93	0.0	100.0
164	Q	168	111.64	0.0	100.0
165	N	169	118.48	0.0	100.0
166	P	170	58.19	0.0	100.0
167	I	171	54.78	0.0	100.0
168	I	172	95.16	0.0	100.0
169	V	173	37.34	0.0	100.0
170	E	174	118.93	0.0	100.0
171	W	175	142.61	0.0	100.0
