	Residue	No	ASA	BSA	Availability
0	D	1	165.93	0.0	100.0
1	S	2	101.65	44.17	56.54697491392031
2	P	3	126.33	65.18	48.404971107417076
3	E	4	149.91	29.49	80.3281969181509
4	D	5	108.08	105.33	2.5444115470022206
5	F	6	139.05	115.29	17.087378640776702
6	V	7	63.5	63.5	0.0
7	Y	8	124.01	124.01	0.0
8	Q	9	60.71	60.08	1.037720309668922
9	F	10	112.83	112.83	0.0
10	K	11	105.14	86.36	17.86189842115275
11	G	12	70.34	70.34	0.0
12	C	14	52.86	51.05	3.424139235716993
13	Y	15	104.42	78.28	25.03351848304922
14	F	16	76.96	75.84	1.455301455301443
15	T	17	82.53	40.23	51.25408942202836
16	N	18	110.48	11.92	89.210716871832
17	G	19	42.18	1.59	96.23044096728306
18	T	20	74.39	0.0	100.0
19	E	21	122.59	0.0	100.0
20	R	22	92.32	0.0	100.0
21	V	23	11.38	0.0	100.0
22	R	24	88.09	39.51	55.14814394369395
23	L	25	6.87	6.53	4.9490538573507985
24	V	26	11.16	5.39	51.70250896057348
25	T	27	8.82	7.03	20.294784580498863
26	R	28	62.02	19.88	67.94582392776523
27	Y	29	26.54	26.54	0.0
28	I	30	11.36	11.36	0.0
29	Y	31	77.27	72.4	6.3025753850135775
30	N	32	60.41	45.45	24.76411190200297
31	R	33	234.58	162.82	30.590843209139745
32	E	34	74.22	0.0	100.0
33	E	35	33.16	15.06	54.583835946924
34	Y	36	22.03	22.03	0.0
35	A	37	0.0	0.0	0.0
36	R	38	82.96	0.0	100.0
37	F	39	1.1	0.0	100.0
38	D	40	17.32	0.0	100.0
39	S	41	33.08	0.0	100.0
40	D	42	80.57	0.0	100.0
41	V	43	61.73	0.0	100.0
42	G	44	18.42	0.0	100.0
43	V	45	49.85	0.0	100.0
44	Y	46	6.01	0.98	83.69384359400998
45	R	47	134.39	0.0	100.0
46	A	48	46.27	0.0	100.0
47	V	49	60.26	0.0	100.0
48	T	50	36.08	0.0	100.0
49	P	51	133.32	1.23	99.07740774077408
50	L	52	88.61	68.68	22.491818079223556
51	G	53	0.0	0.0	22.491818079223556
52	P	54	67.85	0.0	100.0
53	P	55	103.81	41.38	60.13871496002312
54	A	56	16.98	16.98	0.0
55	A	57	4.69	0.0	100.0
56	E	58	69.51	0.0	100.0
57	Y	59	122.71	85.53	30.299079129655283
58	W	60	47.48	47.48	0.0
59	N	61	44.81	0.0	100.0
60	S	62	88.27	0.0	100.0
61	Q	63	46.36	12.8	72.38999137187231
62	K	64	173.58	0.0	100.0
63	E	65	100.47	55.31	44.94874091768687
64	V	66	23.21	7.99	65.57518311072813
65	L	67	20.21	0.0	100.0
66	E	68	122.05	77.33	36.64072101597706
67	R	69	120.11	120.11	0.0
68	T	70	0.65	0.0	100.0
69	R	71	122.27	0.0	100.0
70	A	72	41.42	26.68	35.5866731047803
71	E	73	31.0	29.03	6.3548387096774155
72	L	74	34.62	0.0	100.0
73	D	75	76.38	13.19	82.73108143493062
74	T	76	88.64	84.11	5.110559566787005
75	V	77	61.25	61.25	0.0
76	C	78	1.5	1.5	0.0
77	R	79	95.51	0.0	100.0
78	H	80	107.14	96.86	9.594922531267501
79	N	81	63.29	63.29	0.0
80	Y	82	29.19	15.16	48.06440561836246
81	Q	83	69.4	0.0	100.0
82	L	84	94.73	84.99	10.281853689433134
83	E	85	65.93	65.93	0.0
84	L	86	69.88	0.0	100.0
85	R	87	165.73	2.21	98.66650576238459
86	T	88	86.83	80.59	7.1864562939076295
87	T	89	32.94	30.73	6.7091681845780125
88	L	90	70.56	38.15	45.932539682539684
89	Q	91	125.29	0.0	100.0
90	R	92	80.43	36.1	55.11625015541465
91	R	93	128.81	0.0	100.0
92	V	94	48.52	0.0	100.0
93	E	95	109.91	0.0	100.0
94	P	96	10.68	0.0	100.0
95	T	97	81.75	0.0	100.0
96	V	98	13.35	0.0	100.0
97	T	99	72.55	14.66	79.79324603721571
98	I	100	27.95	0.0	100.0
99	S	101	58.39	4.68	91.984928926186
100	P	102	87.1	0.0	100.0
101	S	103	113.52	0.0	100.0
102	L	104	100.67	0.0	100.0
103	L	105	18.47	0.0	100.0
104	V	106	42.77	0.0	100.0
105	C	107	0.0	0.0	100.0
106	S	108	26.31	16.35	37.85632839224628
107	V	109	0.0	0.0	37.85632839224628
108	T	110	32.92	29.73	9.690157958687731
109	D	111	69.54	36.11	48.073051481161926
110	F	112	0.0	0.0	48.073051481161926
111	Y	113	31.58	21.73	31.190626979100696
112	P	114	36.48	0.0	100.0
113	A	115	41.17	0.0	100.0
114	Q	116	61.46	0.0	100.0
115	I	117	44.75	0.0	100.0
116	K	118	59.69	0.0	100.0
117	V	119	39.11	0.0	100.0
118	R	120	49.22	0.0	100.0
119	W	121	35.52	0.0	100.0
120	Q	122	142.91	0.0	100.0
121	E	123	91.04	0.0	100.0
122	E	124	78.92	0.0	100.0
123	T	125	63.78	0.0	100.0
124	T	126	113.85	0.0	100.0
125	G	127	66.81	0.0	100.0
126	V	128	63.79	0.0	100.0
127	V	129	90.39	0.0	100.0
128	S	130	70.65	0.0	100.0
129	T	131	44.0	0.0	100.0
130	P	132	105.03	0.0	100.0
131	L	133	70.96	0.0	100.0
132	I	134	64.4	20.31	68.46273291925465
133	R	135	184.14	105.56	42.6740523514717
134	N	136	63.14	63.14	0.0
135	G	137	63.16	44.76	29.132362254591516
136	D	138	94.31	43.9	53.45138373449263
137	W	139	148.72	145.4	2.2323830016137665
138	T	140	18.41	3.24	82.40086909288429
139	F	141	13.77	5.16	62.527233115468405
140	Q	142	49.63	40.19	19.020753576465857
141	I	143	17.09	0.0	100.0
142	L	144	52.11	0.0	100.0
143	V	145	10.28	0.0	100.0
144	L	147	32.98	0.0	100.0
145	E	148	122.74	0.0	100.0
146	R	150	138.31	0.0	100.0
147	G	151	62.37	0.0	100.0
148	D	152	74.18	0.0	100.0
149	V	153	62.26	0.0	100.0
150	Y	154	84.94	0.0	100.0
151	T	155	59.09	0.0	100.0
152	C	156	0.0	0.0	100.0
153	H	157	83.42	0.0	100.0
154	V	158	0.15	0.0	100.0
155	E	159	95.0	0.0	100.0
156	H	160	12.1	0.0	100.0
157	P	161	68.85	0.0	100.0
158	S	162	30.45	0.0	100.0
159	L	163	35.46	0.0	100.0
160	Q	164	183.85	0.0	100.0
161	N	165	116.98	0.0	100.0
162	P	166	53.21	0.0	100.0
163	I	167	64.42	0.0	100.0
164	I	168	58.28	0.0	100.0
165	V	169	30.78	0.0	100.0
166	E	170	127.27	0.0	100.0
167	W	171	92.09	0.0	100.0
168	R	172	74.77	0.0	100.0
