	Residue	No	ASA	BSA	Availability
0	D	1	182.51	0.0	100.0
1	I	2	155.85	119.1	23.58036573628489
2	V	3	147.98	3.19	97.84430328422759
3	A	4	60.7	34.32	43.459637561779246
4	D	5	137.19	53.17	61.24353086959691
5	H	6	112.24	69.21	38.33749109052032
6	V	7	92.24	29.96	67.51951431049436
7	A	8	37.08	36.31	2.0765911542610467
8	S	9	35.32	13.75	61.07021517553793
9	Y	10	132.6	132.6	0.0
10	G	11	25.03	25.03	0.0
11	V	12	17.57	17.24	1.8782014797951156
12	N	13	45.88	45.88	0.0
13	L	14	25.43	21.75	14.471097129374751
14	Y	15	38.48	17.03	55.743243243243235
15	Q	16	28.17	21.61	23.28718494852681
16	S	17	85.64	41.83	51.15600186828585
17	Y	18	129.35	35.61	72.47004252029377
18	G	19	68.54	0.0	100.0
19	P	20	87.05	0.0	100.0
20	S	21	44.51	0.0	100.0
21	G	22	27.89	0.0	100.0
22	Q	23	23.83	0.0	100.0
23	Y	24	7.48	6.95	7.085561497326206
24	S	25	1.21	0.0	100.0
25	H	26	17.92	17.92	0.0
26	E	27	12.86	0.0	100.0
27	F	28	76.17	75.7	0.6170408297229866
28	D	29	74.53	26.8	64.0413256406816
29	G	30	45.24	16.19	64.21308576480989
30	D	31	104.03	99.59	4.267999615495528
31	E	32	21.58	9.21	57.321594068582016
32	E	33	6.84	6.6	3.5087719298245648
33	F	34	2.13	1.97	7.5117370892018736
34	Y	35	66.51	0.0	100.0
35	V	36	6.0	0.0	100.0
36	D	37	36.33	0.0	100.0
37	L	38	31.12	0.0	100.0
38	E	39	153.94	0.0	100.0
39	R	40	168.6	0.0	100.0
40	K	41	136.83	0.0	100.0
41	E	42	71.73	0.0	100.0
42	T	43	27.22	0.0	100.0
43	V	44	45.0	0.0	100.0
44	W	45	25.71	6.39	75.14585764294048
45	Q	46	66.9	5.35	92.00298953662183
46	L	47	87.12	73.3	15.8631772268136
47	P	48	91.48	0.0	100.0
48	L	49	108.03	49.85	53.855410534110895
49	F	50	32.2	31.89	0.9627329192546654
50	R	51	141.37	0.0	100.0
51	R	52	194.59	1.87	99.03900508762013
52	F	53	148.32	31.68	78.64077669902912
53	R	54	102.58	102.58	0.0
54	R	55	210.83	110.48	47.59759047573875
55	F	56	38.95	38.95	0.0
56	D	57	47.14	0.73	98.45142129826051
57	P	58	33.62	0.0	100.0
58	Q	59	90.66	34.33	62.13324509155085
59	F	60	105.34	102.81	2.4017467248908306
60	A	61	0.0	0.0	2.4017467248908306
61	L	62	51.01	20.54	59.73338561066458
62	T	63	78.6	78.6	0.0
63	N	64	58.11	58.11	0.0
64	I	65	15.74	0.0	100.0
65	A	66	58.62	39.38	32.82156260661889
66	V	67	81.5	81.5	0.0
67	L	68	49.42	49.42	0.0
68	K	69	105.18	30.66	70.8499714774672
69	H	70	107.18	107.18	0.0
70	N	71	74.54	74.54	0.0
71	L	72	51.72	49.21	4.853054911059548
72	N	73	81.93	0.0	100.0
73	I	74	79.11	43.19	45.405132094551895
74	V	75	68.81	68.81	0.0
75	I	76	66.02	32.06	51.43895789154801
76	K	77	149.01	0.0	100.0
77	R	78	176.34	130.87	25.785414540093
78	S	79	46.86	25.62	45.32650448143406
79	N	80	138.06	0.0	100.0
80	S	81	81.26	14.92	81.63918286980063
81	T	82	102.61	29.5	71.250365461456
82	A	83	88.87	52.12	41.352537414200526
83	A	84	57.09	40.54	28.98931511648275
84	T	85	102.44	0.0	100.0
85	N	86	70.87	18.01	74.58727247072103
86	E	87	68.75	18.97	72.40727272727273
87	V	88	87.51	0.0	100.0
88	P	89	3.19	0.0	100.0
89	E	90	99.69	0.0	100.0
90	V	91	28.08	0.0	100.0
91	T	92	69.39	0.0	100.0
92	V	93	22.46	0.0	100.0
93	F	94	88.43	45.45	48.60341513061178
94	S	95	30.07	13.47	55.20452278017959
95	K	96	141.03	100.23	28.93001489044884
96	S	97	54.36	22.46	58.682855040470926
97	P	98	120.27	60.82	49.43044815831046
98	V	99	60.35	0.0	100.0
99	T	100	71.07	0.0	100.0
100	L	101	85.61	0.0	100.0
101	G	102	49.03	0.0	100.0
102	Q	103	97.34	0.0	100.0
103	P	104	119.39	0.0	100.0
104	N	105	13.54	0.0	100.0
105	T	106	21.7	0.0	100.0
106	L	107	0.0	0.0	100.0
107	I	108	21.91	21.91	0.0
108	C	109	0.0	0.0	0.0
109	L	110	48.61	0.67	98.62168278132071
110	V	111	0.0	0.0	98.62168278132071
111	D	112	29.6	0.0	100.0
112	N	113	28.42	3.93	86.17171006333568
113	I	114	0.0	0.0	86.17171006333568
114	F	115	60.84	58.5	3.846153846153851
115	P	116	13.05	12.55	3.8314176245210727
116	P	117	7.08	4.02	43.22033898305085
117	V	118	30.64	0.17	99.44516971279373
118	V	119	24.88	0.0	100.0
119	N	120	88.08	0.0	100.0
120	I	121	13.79	0.0	100.0
121	T	122	63.81	0.0	100.0
122	W	123	0.69	0.0	100.0
123	L	124	32.21	0.0	100.0
124	S	125	35.96	0.0	100.0
125	N	126	80.09	0.0	100.0
126	G	127	48.66	0.0	100.0
127	H	128	141.55	0.0	100.0
128	S	129	91.07	0.0	100.0
129	V	130	34.01	0.0	100.0
130	T	131	123.47	0.0	100.0
131	E	132	152.35	0.0	100.0
132	G	133	41.49	0.0	100.0
133	V	134	47.12	0.0	100.0
134	S	135	66.85	0.0	100.0
135	E	136	80.7	0.0	100.0
136	T	137	27.59	10.95	60.31170714026821
137	S	138	16.3	0.0	100.0
138	F	139	26.4	0.0	100.0
139	L	140	8.19	0.84	89.74358974358975
140	S	141	37.72	17.29	54.16224814422057
141	K	142	59.17	4.09	93.08771336826094
142	S	143	106.62	0.83	99.22153442130931
143	D	144	95.22	30.37	68.10544003360638
144	H	145	147.34	131.39	10.825302022532929
145	S	146	6.8	6.8	0.0
146	F	147	16.72	16.4	1.913875598086126
147	F	148	42.43	13.62	67.90007070469008
148	K	149	18.81	0.0	100.0
149	I	150	30.89	29.21	5.438653285853025
150	S	151	0.0	0.0	5.438653285853025
151	Y	152	63.47	39.04	38.490625492358596
152	L	153	3.85	0.0	100.0
153	T	154	84.2	0.0	100.0
154	F	155	16.26	0.0	100.0
155	L	156	62.26	0.0	100.0
156	P	157	2.08	0.0	100.0
157	S	158	50.57	0.0	100.0
158	A	159	91.44	0.0	100.0
159	D	160	134.88	0.0	100.0
160	E	161	17.73	0.0	100.0
161	I	162	69.01	0.0	100.0
162	Y	163	16.6	0.0	100.0
163	D	164	12.64	0.0	100.0
164	C	165	0.0	0.0	100.0
165	K	166	11.97	0.0	100.0
166	V	167	0.0	0.0	100.0
167	E	168	69.98	0.0	100.0
168	H	169	15.13	0.0	100.0
169	W	170	122.92	60.96	50.40676863000325
170	G	171	15.2	0.0	100.0
171	L	172	31.89	0.0	100.0
172	D	173	158.02	0.0	100.0
173	E	174	69.72	0.0	100.0
174	P	175	78.02	0.0	100.0
175	L	176	58.65	0.0	100.0
176	L	177	98.38	0.0	100.0
177	K	178	16.38	0.0	100.0
178	H	179	88.38	0.0	100.0
179	W	180	35.59	0.0	100.0
180	E	181	105.77	0.0	100.0
181	P	182	97.68	0.0	100.0
