	Residue	No	ASA	BSA	Availability
0	Q	2	43.67	0.0	100.0
1	S	3	60.25	0.0	100.0
2	V	4	22.27	0.0	100.0
3	T	5	78.67	0.0	100.0
4	Q	6	19.31	0.0	100.0
5	P	7	73.64	0.0	100.0
6	D	8	34.2	0.0	100.0
7	I	9	128.74	12.06	90.63228211899953
8	H	10	80.47	0.0	100.0
9	I	11	37.66	0.0	100.0
10	T	12	81.19	0.0	100.0
11	V	13	31.13	0.0	100.0
12	S	14	42.44	0.0	100.0
13	E	15	51.48	0.0	100.0
14	G	16	41.69	0.0	100.0
15	A	17	41.67	0.0	100.0
16	S	18	84.16	0.0	100.0
17	L	19	10.68	0.0	100.0
18	E	20	94.09	0.0	100.0
19	L	21	1.18	0.0	100.0
20	R	22	126.68	0.0	100.0
21	C	23	0.9	0.0	100.0
22	N	24	54.94	0.0	100.0
23	Y	25	15.12	0.0	100.0
24	S	26	60.14	0.0	100.0
25	Y	27	137.99	2.76	97.99985506196101
26	G	28	19.0	0.0	100.0
27	A	29	80.92	27.57	65.92931290163125
28	T	36	60.4	43.65	27.7317880794702
29	P	37	3.85	0.0	100.0
30	Y	38	67.03	50.67	24.406981948381322
31	L	39	0.0	0.0	24.406981948381322
32	F	40	29.21	26.4	9.619993153029792
33	W	41	0.0	0.0	9.619993153029792
34	Y	42	40.9	40.65	0.6112469437652812
35	V	43	7.93	0.0	100.0
36	Q	44	51.29	39.73	22.538506531487624
37	S	45	27.83	0.0	100.0
38	P	46	106.75	14.75	86.18266978922716
39	G	47	91.07	14.56	84.01229823212913
40	Q	48	126.06	17.93	85.77661431064571
41	G	49	54.51	39.86	26.8758026050266
42	L	50	81.31	75.48	7.170089779854874
43	Q	51	93.53	0.99	98.94151609109377
44	L	52	62.34	51.7	17.067693294834775
45	L	53	4.67	0.0	100.0
46	L	54	4.02	0.0	100.0
47	K	55	98.37	70.67	28.158991562468234
48	Y	56	24.37	0.0	100.0
49	F	57	83.14	58.07	30.15395718065913
50	S	58	88.67	64.28	27.5064847186196
51	G	59	62.95	0.75	98.8085782366958
52	D	62	118.32	0.0	100.0
53	T	63	60.42	0.0	100.0
54	L	64	76.59	0.0	100.0
55	V	65	28.6	3.01	89.47552447552448
56	Q	66	131.78	0.0	100.0
57	G	67	25.15	0.0	100.0
58	I	68	86.85	0.0	100.0
59	K	74	105.17	0.0	100.0
60	G	75	54.21	0.0	100.0
61	F	76	3.56	0.0	100.0
62	E	77	53.71	0.0	100.0
63	A	78	0.5	0.0	100.0
64	E	79	52.83	0.0	100.0
65	F	80	19.62	0.0	100.0
66	K	81	61.85	0.0	100.0
67	R	82	125.38	0.0	100.0
68	S	83	113.2	0.0	100.0
69	Q	84	129.85	0.0	100.0
70	S	85	33.89	0.0	100.0
71	S	86	16.47	0.0	100.0
72	F	87	0.0	0.0	100.0
73	N	88	33.33	0.0	100.0
74	L	89	0.16	0.0	100.0
75	R	90	110.66	0.0	100.0
76	K	91	20.01	0.0	100.0
77	P	92	91.62	0.0	100.0
78	S	93	63.37	0.0	100.0
79	V	94	2.59	0.0	100.0
80	H	95	79.21	0.0	100.0
81	W	96	56.02	0.0	100.0
82	S	97	66.68	0.0	100.0
83	D	98	7.65	0.0	100.0
84	A	99	21.91	0.0	100.0
85	A	100	5.47	0.0	100.0
86	E	101	50.25	8.98	82.12935323383084
87	Y	102	0.24	0.0	100.0
88	F	103	30.62	30.47	0.4898758981058201
89	C	104	0.0	0.0	0.4898758981058201
90	A	105	0.0	0.0	0.4898758981058201
91	V	106	1.0	0.0	100.0
92	G	107	3.01	3.01	0.0
93	E	108	50.69	42.5	16.15703294535411
94	T	109	86.37	86.37	0.0
95	G	110	69.44	69.44	0.0
96	A	113	51.76	37.16	28.207109737248842
97	N	114	167.32	167.32	0.0
98	N	115	83.32	33.8	59.43350936149784
99	L	116	69.29	60.7	12.3971713089912
100	F	117	80.51	0.0	100.0
101	F	118	101.71	76.72	24.5698554714384
102	G	119	11.7	8.74	25.29914529914529
103	T	120	107.2	48.44	54.8134328358209
104	G	121	2.83	0.0	100.0
105	T	122	0.86	0.0	100.0
106	R	123	147.07	2.48	98.31372815666009
107	L	124	6.66	0.0	100.0
108	T	125	30.99	0.0	100.0
109	V	126	10.52	0.0	100.0
110	I	127	37.39	0.0	100.0
111	P	128	6.97	0.0	100.0
112	Y	129	148.77	0.0	100.0
113	I	130	31.13	0.0	100.0
114	Q	131	126.68	0.0	100.0
115	N	132	111.57	0.0	100.0
116	P	133	57.09	0.0	100.0
117	D	134	98.59	34.24	65.27031139060756
118	P	135	8.31	0.0	100.0
119	A	136	1.68	1.01	39.88095238095238
120	V	137	9.88	0.0	100.0
121	Y	138	104.15	98.67	5.261641862698036
122	Q	139	99.71	19.02	80.92468157657207
123	L	140	90.86	87.43	3.7750385208012243
124	R	141	104.59	63.09	39.67874557797113
125	D	142	99.13	4.94	95.01664480984566
126	S	143	71.14	36.77	48.31318526848467
127	K	144	115.45	0.0	100.0
128	S	145	119.46	2.01	98.31742842792566
129	S	146	47.81	30.61	35.97573729345326
130	D	147	89.2	0.0	100.0
131	K	148	70.96	48.17	32.116685456595256
132	S	149	18.5	0.0	100.0
133	V	150	46.1	45.37	1.5835140997830888
134	C	151	0.0	0.0	1.5835140997830888
135	L	152	41.83	41.83	0.0
136	F	153	4.53	0.0	100.0
137	T	154	27.77	26.16	5.797623334533668
138	D	155	20.68	13.06	36.84719535783365
139	F	156	5.54	0.0	100.0
140	D	157	27.73	0.0	100.0
141	S	158	32.13	0.0	100.0
142	Q	159	150.89	0.0	100.0
143	T	160	17.24	0.0	100.0
144	N	161	108.22	0.0	100.0
145	V	162	19.12	0.0	100.0
146	S	163	50.64	0.0	100.0
147	Q	164	84.0	0.0	100.0
148	S	165	39.91	0.0	100.0
149	K	166	100.11	0.0	100.0
150	D	167	76.49	0.0	100.0
151	S	168	96.55	8.65	91.04091144484723
152	D	169	71.55	0.0	100.0
153	V	170	20.66	0.0	100.0
154	Y	171	96.44	69.43	28.007051016175854
155	I	172	32.55	20.55	36.8663594470046
156	T	173	65.51	64.65	1.3127766753167447
157	D	174	46.03	1.65	96.41538127308277
158	K	175	79.66	27.5	65.47828270148129
159	C	176	61.03	54.76	10.273635916762252
160	V	177	112.09	64.26	42.671067891872596
161	L	178	46.86	20.41	56.44472897994025
162	D	179	113.6	57.68	49.22535211267605
163	R	181	262.99	49.25	81.27305220730825
164	S	182	55.58	26.99	51.43936667866139
165	D	184	142.44	27.25	80.86913788261724
166	F	185	180.03	133.26	25.97900349941677
167	K	186	38.76	0.0	100.0
168	S	187	46.58	29.08	37.569772434521255
169	N	188	10.41	0.17	98.36695485110471
170	S	189	24.38	20.58	15.58654634946678
171	A	190	0.17	0.17	0.0
172	V	191	48.38	48.38	0.0
173	A	192	0.0	0.0	0.0
174	W	193	60.33	59.44	1.4752196253936691
175	S	194	0.5	0.0	100.0
176	N	195	87.41	0.0	100.0
177	K	196	91.48	0.0	100.0
178	S	197	85.91	0.0	100.0
179	D	198	117.53	0.0	100.0
180	F	199	33.08	0.0	100.0
181	A	200	45.54	0.0	100.0
182	C	201	18.06	0.0	100.0
183	A	202	61.72	0.0	100.0
184	N	203	103.12	0.0	100.0
185	A	204	12.19	0.0	100.0
186	F	205	20.33	0.0	100.0
187	N	206	107.82	0.0	100.0
188	N	207	73.8	0.0	100.0
189	S	208	93.14	0.0	100.0
190	I	209	58.01	0.0	100.0
191	I	210	38.4	0.0	100.0
192	P	211	134.41	0.0	100.0
193	E	212	122.96	0.0	100.0
194	D	213	26.62	0.0	100.0
195	T	214	92.29	32.93	64.31899447394083
196	F	215	158.97	9.57	93.97999622570296
