	Residue	No	ASA	BSA	Availability
0	P	1	200.31	60.36	69.86670660476261
1	S	2	105.57	60.03	43.13725490196078
2	G	3	75.88	54.72	27.88613600421718
3	E	4	172.73	172.73	0.0
4	G	5	79.98	79.98	0.0
5	S	6	107.57	83.1	22.74797806079762
6	F	7	206.77	206.77	0.0
7	Q	8	170.66	84.92	50.24024375952185
8	P	9	116.04	116.04	0.0
9	S	10	109.61	109.61	0.0
10	Q	11	181.81	83.33	54.166437489687034
11	E	12	159.57	159.57	0.0
12	N	13	119.01	69.01	42.013276195277705
13	P	14	139.05	38.33	72.43437612369652
14	Q	15	121.16	0.0	100.0
