	Residue	No	ASA	BSA	Availability
0	D	1	183.33	0.0	100.0
1	I	2	167.03	111.97	32.96413817877028
2	V	3	144.25	4.34	96.99133448873484
3	A	4	61.6	35.17	42.90584415584415
4	D	5	137.5	52.15	62.07272727272727
5	H	6	113.22	70.74	37.51987281399046
6	V	7	97.58	34.65	64.49067431850789
7	A	8	36.29	33.56	7.522733535409196
8	S	9	32.26	12.1	62.4922504649721
9	Y	10	136.05	136.05	0.0
10	G	11	25.32	25.32	0.0
11	V	12	19.02	18.24	4.100946372239753
12	N	13	46.14	46.14	0.0
13	L	14	24.94	21.09	15.43704891740177
14	Y	15	38.69	16.98	56.11269061773068
15	Q	16	26.5	21.25	19.81132075471698
16	S	17	84.2	40.57	51.81710213776722
17	Y	18	128.04	33.81	73.5941893158388
18	G	19	68.61	0.0	100.0
19	P	20	86.17	0.0	100.0
20	S	21	48.16	0.0	100.0
21	G	22	27.58	0.0	100.0
22	Q	23	23.13	0.0	100.0
23	Y	24	8.14	7.75	4.791154791154797
24	S	25	1.58	0.0	100.0
25	H	26	18.93	18.93	0.0
26	E	27	11.41	0.0	100.0
27	F	28	75.13	74.82	0.41261812857713603
28	D	29	75.91	29.31	61.38848636543275
29	G	30	46.16	16.0	65.33795493934142
30	D	31	103.95	99.61	4.175084175084178
31	E	32	21.66	9.21	57.479224376731295
32	E	33	7.42	7.17	3.3692722371967654
33	F	34	1.98	1.98	0.0
34	Y	35	66.71	0.0	100.0
35	V	36	5.51	0.0	100.0
36	D	37	36.19	0.0	100.0
37	L	38	32.14	0.0	100.0
38	E	39	153.52	0.0	100.0
39	R	40	168.5	0.0	100.0
40	K	41	135.28	0.0	100.0
41	E	42	70.15	0.0	100.0
42	T	43	27.42	0.0	100.0
43	V	44	45.02	0.0	100.0
44	W	45	25.86	6.41	75.21268368136117
45	Q	46	67.61	5.6	91.71720159739684
46	L	47	86.79	73.3	15.543265353151295
47	P	48	89.16	0.0	100.0
48	L	49	109.33	49.01	55.172413793103445
49	F	50	32.3	32.3	0.0
50	R	51	140.14	0.0	100.0
51	R	52	173.2	1.11	99.35912240184757
52	F	53	137.77	30.6	77.78906873775134
53	R	54	104.11	104.11	0.0
54	R	55	211.22	116.12	45.02414544077265
55	F	56	39.52	39.52	0.0
56	D	57	51.97	1.08	97.92187800654224
57	P	58	32.78	0.0	100.0
58	Q	59	95.55	37.22	61.046572475143904
59	F	60	102.54	102.04	0.48761458942851565
60	A	61	0.0	0.0	0.48761458942851565
61	L	62	50.83	18.93	62.758213653354325
62	T	63	78.41	78.41	0.0
63	N	64	59.34	59.34	0.0
64	I	65	16.39	0.0	100.0
65	A	66	59.24	40.09	32.32613099257258
66	V	67	80.5	80.5	0.0
67	L	68	46.4	46.4	0.0
68	K	69	107.8	31.78	70.51948051948051
69	H	70	107.61	107.61	0.0
70	N	71	74.91	74.91	0.0
71	L	72	52.01	49.0	5.787348586810225
72	N	73	81.07	0.0	100.0
73	I	74	77.84	42.16	45.83761562178829
74	V	75	69.33	69.33	0.0
75	I	76	65.13	31.67	51.37417472746814
76	K	77	147.5	0.0	100.0
77	R	78	176.41	128.13	27.368063034975343
78	S	79	46.01	25.23	45.164094762008254
79	N	80	137.82	0.0	100.0
80	S	81	80.92	17.42	78.47256549678696
81	T	82	101.48	29.43	70.9992116673236
82	A	83	87.81	54.95	37.42170595604145
83	A	84	57.42	40.6	29.292929292929294
84	T	85	104.57	0.58	99.44534761403845
85	N	86	69.51	18.67	73.1405553157819
86	E	87	71.02	18.49	73.96508025908194
87	V	88	90.87	0.0	100.0
88	P	89	3.11	0.0	100.0
89	E	90	102.11	0.0	100.0
90	V	91	27.44	0.0	100.0
91	T	92	68.1	0.0	100.0
92	V	93	22.38	0.0	100.0
93	F	94	87.68	44.92	48.768248175182485
94	S	95	29.83	12.37	58.5316795172645
95	K	96	142.21	101.73	28.464946206314607
96	S	97	54.1	22.65	58.13308687615527
97	P	98	119.35	60.58	49.24172601591956
98	V	99	53.33	0.0	100.0
99	T	100	71.14	0.0	100.0
100	L	101	112.24	0.0	100.0
101	G	102	49.44	0.0	100.0
102	Q	103	97.77	0.0	100.0
103	P	104	118.25	0.0	100.0
104	N	105	14.56	0.0	100.0
105	T	106	21.1	0.0	100.0
106	L	107	0.0	0.0	100.0
107	I	108	21.99	21.99	0.0
108	C	109	0.0	0.0	0.0
109	L	110	45.43	1.34	97.05040721989874
110	V	111	0.0	0.0	97.05040721989874
111	D	112	28.76	0.0	100.0
112	N	113	28.06	4.52	83.89166072701354
113	I	114	0.0	0.0	83.89166072701354
114	F	115	59.48	57.76	2.891728312037658
115	P	116	14.73	13.72	6.856754921928037
116	P	117	7.23	3.18	56.01659751037346
117	V	118	32.92	0.33	98.99756986634264
118	V	119	25.33	0.0	100.0
119	N	120	88.9	0.0	100.0
120	I	121	14.66	0.0	100.0
121	T	122	56.09	0.0	100.0
122	W	123	0.55	0.0	100.0
123	L	124	21.49	0.0	100.0
124	S	125	27.19	0.0	100.0
125	N	126	92.69	0.0	100.0
126	G	127	64.24	0.0	100.0
127	H	128	141.67	0.0	100.0
128	S	129	86.23	0.0	100.0
129	V	130	35.08	0.0	100.0
130	T	131	126.29	0.0	100.0
131	E	132	81.53	0.0	100.0
132	G	133	40.78	0.0	100.0
133	V	134	49.7	0.0	100.0
134	S	135	66.21	0.0	100.0
135	E	136	81.81	0.0	100.0
136	T	137	27.23	10.88	60.04406904149835
137	S	138	15.94	0.0	100.0
138	F	139	24.37	0.0	100.0
139	L	140	8.02	1.17	85.41147132169577
140	S	141	37.2	16.45	55.77956989247313
141	K	142	61.57	5.0	91.87916192951113
142	S	143	106.92	0.84	99.21436588103253
143	D	144	93.85	30.38	67.62919552477358
144	H	145	147.08	131.7	10.456894207234175
145	S	146	6.89	6.77	1.7416545718432528
146	F	147	16.71	16.71	0.0
147	F	148	41.71	13.61	67.36993526732199
148	K	149	17.02	0.0	100.0
149	I	150	31.05	29.88	3.7681159420289907
150	S	151	0.0	0.0	3.7681159420289907
151	Y	152	64.03	37.93	40.76214274558801
152	L	153	3.69	0.0	100.0
153	T	154	86.04	0.0	100.0
154	F	155	17.48	0.0	100.0
155	L	156	62.01	0.0	100.0
156	P	157	3.04	0.0	100.0
157	S	158	38.03	0.0	100.0
158	A	159	71.88	0.0	100.0
159	D	160	131.44	0.0	100.0
160	E	161	58.74	0.0	100.0
161	I	162	30.43	0.0	100.0
162	Y	163	13.06	0.0	100.0
163	D	164	27.67	0.0	100.0
164	C	165	0.0	0.0	100.0
165	K	166	62.06	0.0	100.0
166	V	167	0.0	0.0	100.0
167	E	168	57.87	0.0	100.0
168	H	169	15.28	0.0	100.0
169	W	170	122.59	58.82	52.01892487152296
170	G	171	16.09	0.0	100.0
171	L	172	32.43	0.0	100.0
172	D	173	159.5	0.0	100.0
173	E	174	69.24	0.0	100.0
174	P	175	67.08	0.0	100.0
175	L	176	58.24	0.0	100.0
176	L	177	91.5	0.0	100.0
177	K	178	17.4	0.0	100.0
178	H	179	102.36	0.0	100.0
179	W	180	33.42	0.0	100.0
180	E	181	114.57	0.0	100.0
181	P	182	87.08	0.0	100.0
