	Residue	No	ASA	BSA	Availability
0	S	1	161.31	65.38	59.46934473994173
1	P	2	126.23	73.97	41.400617919670445
2	E	3	150.78	87.88	41.71640801167264
3	D	4	109.54	106.73	2.565272959649445
4	F	5	141.02	117.64	16.579208622890377
5	V	6	65.56	65.56	0.0
6	Y	7	124.61	124.61	0.0
7	Q	8	58.65	58.65	0.0
8	F	9	113.32	113.32	0.0
9	K	10	113.09	92.63	18.09178530374039
10	G	11	66.76	66.76	0.0
11	C	13	54.87	52.66	4.027701840714418
12	Y	14	100.37	64.82	35.41894988542394
13	F	15	79.27	76.43	3.582692065093969
14	T	16	60.24	28.7	52.35723771580345
15	N	17	116.02	13.34	88.50198241682469
16	G	18	28.3	0.44	98.4452296819788
17	T	19	74.64	0.0	100.0
18	E	20	136.57	0.0	100.0
19	R	21	100.15	17.55	82.47628557164253
20	V	22	15.4	0.0	100.0
21	R	23	93.83	23.3	75.16785676222956
22	L	24	6.53	5.86	10.26033690658499
23	V	25	7.91	0.28	96.46017699115043
24	T	26	8.03	6.54	18.555417185554166
25	R	27	62.96	12.18	80.65438373570521
26	Y	28	34.35	34.35	0.0
27	I	29	12.88	12.88	0.0
28	Y	30	77.39	72.93	5.7630184778395055
29	N	31	56.3	42.48	24.54706927175844
30	R	32	233.98	161.33	31.04966236430463
31	E	33	79.02	0.0	100.0
32	E	34	32.21	16.44	48.959950325985716
33	Y	35	22.49	22.49	0.0
34	A	36	0.0	0.0	0.0
35	R	37	76.71	0.0	100.0
36	F	38	1.26	0.0	100.0
37	D	39	8.51	0.0	100.0
38	S	40	31.91	0.0	100.0
39	D	41	104.63	0.0	100.0
40	V	42	61.46	0.0	100.0
41	G	43	16.38	0.0	100.0
42	V	44	50.09	0.0	100.0
43	Y	45	10.86	5.58	48.61878453038674
44	R	46	144.14	0.0	100.0
45	A	47	47.02	0.0	100.0
46	V	48	70.07	0.0	100.0
47	T	49	36.61	0.0	100.0
48	P	50	133.18	0.0	100.0
49	L	51	93.28	72.72	22.041166380789022
50	G	52	0.0	0.0	22.041166380789022
51	P	53	52.16	0.0	100.0
52	P	54	98.88	33.93	65.68567961165047
53	A	55	19.55	19.55	0.0
54	A	56	5.69	0.0	100.0
55	E	57	122.55	0.0	100.0
56	Y	58	129.07	71.1	44.91361276826528
57	W	59	47.64	47.64	0.0
58	N	60	46.37	0.0	100.0
59	S	61	86.21	0.0	100.0
60	Q	62	76.19	1.1	98.55624097650612
61	K	63	78.18	0.0	100.0
62	E	64	131.36	69.03	47.44975639464069
63	V	65	23.01	20.52	10.821382007822693
64	L	66	18.75	0.0	100.0
65	E	67	117.99	36.85	68.76853970675481
66	R	68	146.68	133.67	8.869648213798758
67	T	69	4.58	0.98	78.60262008733625
68	R	70	126.43	0.0	100.0
69	A	71	45.33	34.5	23.89146260754467
70	E	72	47.62	44.44	6.677866442671146
71	L	73	32.28	0.0	100.0
72	D	74	78.34	30.24	61.399029869798326
73	T	75	92.51	89.44	3.3185601556588553
74	V	76	61.15	61.15	0.0
75	C	77	1.83	1.83	0.0
76	R	78	88.51	0.0	100.0
77	H	79	103.7	103.7	0.0
78	N	80	65.32	65.32	0.0
79	Y	81	28.13	16.48	41.414859580519014
80	Q	82	87.5	0.0	100.0
81	L	83	79.97	79.97	0.0
82	E	84	65.39	65.39	0.0
83	L	85	75.06	0.0	100.0
84	R	86	156.69	9.94	93.6562639606867
85	T	87	93.35	90.72	2.817354043920724
86	T	88	28.92	27.61	4.529737206085762
87	L	89	81.08	41.4	48.93931919092255
88	Q	90	126.7	0.0	100.0
89	R	91	87.73	43.71	50.17667844522968
90	R	92	130.05	0.0	100.0
91	V	93	38.95	0.0	100.0
92	E	94	63.3	0.0	100.0
93	P	95	10.5	0.0	100.0
94	T	96	80.32	2.01	97.49750996015936
95	V	97	16.59	0.0	100.0
96	T	98	78.93	17.99	77.20765235018372
97	I	99	27.09	0.0	100.0
98	S	100	58.41	3.18	94.55572675911658
99	P	101	70.04	0.0	100.0
100	S	102	76.71	0.0	100.0
101	H	103	163.83	0.0	100.0
102	N	104	112.22	0.0	100.0
103	L	105	81.98	0.0	100.0
104	L	106	13.16	0.0	100.0
105	V	107	34.83	0.0	100.0
106	C	108	0.0	0.0	100.0
107	S	109	26.82	14.58	45.63758389261745
108	V	110	1.03	0.0	100.0
109	T	111	50.35	43.78	13.048659384309833
110	D	112	61.06	29.14	52.27644939403865
111	F	113	0.0	0.0	52.27644939403865
112	Y	114	33.69	22.65	32.7693677649154
113	P	115	35.31	0.5	98.58397054658738
114	A	116	43.26	0.0	100.0
115	Q	117	131.79	0.0	100.0
116	I	118	38.8	0.0	100.0
117	K	119	43.45	0.0	100.0
118	V	120	30.9	0.0	100.0
119	R	121	56.72	0.0	100.0
120	W	122	5.41	0.0	100.0
121	F	123	16.02	0.0	100.0
122	R	124	114.87	0.0	100.0
123	N	125	61.73	0.0	100.0
124	D	126	81.99	0.0	100.0
125	Q	127	156.6	0.0	100.0
126	E	128	87.29	0.0	100.0
127	E	129	107.78	0.0	100.0
128	T	130	38.27	0.0	100.0
129	T	131	148.13	0.0	100.0
130	G	132	44.9	0.0	100.0
131	V	133	48.28	0.0	100.0
132	V	134	87.54	0.0	100.0
133	S	135	64.82	0.0	100.0
134	T	136	55.22	0.0	100.0
135	P	137	110.19	0.0	100.0
136	L	138	71.87	0.0	100.0
137	I	139	61.43	24.11	60.75207553312714
138	R	140	177.61	109.34	38.43815100501099
139	N	141	56.1	56.1	0.0
140	G	142	60.13	47.72	20.63861633128223
141	D	143	102.16	47.63	53.3770555990603
142	W	144	146.09	144.69	0.958313368471494
143	T	145	15.41	3.29	78.65022712524336
144	F	146	9.52	5.77	39.39075630252101
145	Q	147	53.41	42.99	19.509455158210066
146	I	148	21.44	0.0	100.0
147	L	149	60.97	0.0	100.0
148	V	150	12.07	0.0	100.0
149	L	152	20.39	0.0	100.0
150	E	153	88.69	0.0	100.0
151	T	155	125.58	0.0	100.0
152	P	156	66.29	0.0	100.0
153	Q	157	137.97	0.0	100.0
154	R	158	119.55	0.0	100.0
155	G	159	69.26	0.0	100.0
156	D	160	22.76	0.0	100.0
157	V	161	66.53	0.0	100.0
158	Y	162	15.29	0.0	100.0
159	T	163	19.14	0.0	100.0
160	C	164	0.0	0.0	100.0
161	H	165	46.82	0.0	100.0
162	V	166	0.12	0.0	100.0
163	E	167	75.51	0.0	100.0
164	H	168	11.72	0.0	100.0
165	P	169	52.71	0.0	100.0
166	S	170	37.89	0.0	100.0
167	L	171	54.84	0.0	100.0
168	Q	172	106.37	0.0	100.0
169	N	173	114.19	0.0	100.0
170	P	174	59.7	0.0	100.0
171	I	175	39.98	0.0	100.0
172	I	176	95.47	0.0	100.0
173	V	177	38.59	0.0	100.0
174	E	178	64.08	0.0	100.0
175	W	179	63.64	0.0	100.0
176	R	180	108.22	0.0	100.0
