	Residue	No	ASA	BSA	Availability
0	S	1	159.02	38.01	76.09734624575526
1	P	2	125.92	68.07	45.94186785260484
2	E	3	149.13	27.5	81.55971300207872
3	D	4	107.02	104.09	2.737806017566803
4	F	5	143.67	117.43	18.264077399596285
5	V	6	65.44	65.44	0.0
6	Y	7	125.93	125.93	0.0
7	Q	8	59.75	59.75	0.0
8	F	9	111.18	111.18	0.0
9	K	10	114.22	97.39	14.734722465417613
10	G	11	68.74	68.74	0.0
11	C	13	54.71	53.35	2.4858343995613223
12	Y	14	110.04	54.28	50.67248273355144
13	F	15	75.35	73.92	1.8978102189780923
14	T	16	88.81	39.35	55.691926584844055
15	N	17	108.5	15.27	85.92626728110599
16	G	18	38.83	2.63	93.22688642801957
17	T	19	82.1	0.0	100.0
18	E	20	126.14	0.0	100.0
19	R	21	35.29	0.0	100.0
20	V	22	22.34	0.0	100.0
21	R	23	97.73	0.0	100.0
22	L	24	6.53	6.36	2.6033690658499222
23	V	25	6.29	0.3	95.23052464228935
24	T	26	7.19	6.36	11.543810848400557
25	R	27	54.93	8.71	84.14345530675405
26	Y	28	24.84	24.84	0.0
27	I	29	13.01	13.01	0.0
28	Y	30	79.04	75.1	4.984817813765197
29	N	31	55.19	40.38	26.834571480340635
30	R	32	227.06	165.02	27.323174491323876
31	E	33	70.63	0.0	100.0
32	E	34	38.36	17.95	53.20646506777894
33	Y	35	22.18	22.18	0.0
34	A	36	0.0	0.0	0.0
35	R	37	72.83	0.0	100.0
36	F	38	1.26	0.0	100.0
37	D	39	15.62	0.0	100.0
38	S	40	32.19	0.0	100.0
39	D	41	101.42	0.0	100.0
40	V	42	67.96	0.0	100.0
41	G	43	14.92	0.0	100.0
42	V	44	45.56	0.0	100.0
43	Y	45	5.76	1.35	76.5625
44	R	46	134.26	0.0	100.0
45	A	47	43.57	0.0	100.0
46	V	48	70.52	0.0	100.0
47	T	49	35.54	0.0	100.0
48	P	50	130.13	0.49	99.6234534696073
49	L	51	87.27	67.21	22.9861349833849
50	G	52	0.0	0.0	22.9861349833849
51	P	53	65.85	0.0	100.0
52	P	54	101.23	36.74	63.70641114294182
53	A	55	19.93	19.93	0.0
54	A	56	6.68	0.0	100.0
55	E	57	66.89	0.0	100.0
56	Y	58	127.41	88.64	30.429322659131934
57	W	59	43.37	43.37	0.0
58	N	60	46.15	0.0	100.0
59	S	61	89.03	0.0	100.0
60	Q	62	51.03	22.64	55.633940819126
61	K	63	131.47	0.0	100.0
62	E	64	119.61	80.38	32.798261014965306
63	V	65	28.29	28.12	0.6009190526687811
64	L	66	15.73	0.0	100.0
65	E	67	70.03	0.0	100.0
66	R	68	120.06	120.06	0.0
67	T	69	0.34	0.0	100.0
68	R	70	94.89	0.0	100.0
69	A	71	44.85	23.69	47.179487179487175
70	E	72	38.73	36.93	4.647560030983726
71	L	73	26.95	0.0	100.0
72	D	74	77.35	15.82	79.5475113122172
73	T	75	92.54	92.54	0.0
74	V	76	60.05	60.05	0.0
75	C	77	1.32	1.32	0.0
76	R	78	104.11	0.0	100.0
77	H	79	105.89	86.53	18.283123996600246
78	N	80	63.31	63.31	0.0
79	Y	81	27.04	16.86	37.64792899408284
80	Q	82	106.84	0.0	100.0
81	L	83	102.74	89.41	12.97449873467004
82	E	84	66.66	66.66	0.0
83	L	85	74.42	0.0	100.0
84	R	86	72.71	27.14	62.67363498830972
85	T	87	88.09	84.78	3.757520717448067
86	T	88	36.68	32.47	11.47764449291167
87	L	89	95.51	39.22	58.93623704324155
88	Q	90	137.16	3.31	97.58675998833479
89	R	91	90.0	45.8	49.111111111111114
90	R	92	64.03	0.0	100.0
91	V	93	46.36	0.0	100.0
92	E	94	52.51	0.0	100.0
93	P	95	6.64	0.0	100.0
94	T	96	75.33	3.19	95.76529934952875
95	V	97	15.06	0.0	100.0
96	T	98	80.15	19.38	75.82033686837181
97	I	99	23.11	0.0	100.0
98	S	100	51.6	7.51	85.44573643410854
99	P	101	104.33	0.0	100.0
100	S	102	102.7	0.0	100.0
101	L	103	90.88	0.0	100.0
102	L	104	15.5	0.0	100.0
103	V	105	41.06	0.0	100.0
104	C	106	0.0	0.0	100.0
105	S	107	24.29	19.91	18.032111980238778
106	V	108	0.0	0.0	18.032111980238778
107	T	109	33.81	32.19	4.791481810115364
108	D	110	70.71	35.3	50.07778249186819
109	F	111	0.0	0.0	50.07778249186819
110	Y	112	31.54	20.98	33.481293595434366
111	P	113	46.1	0.0	100.0
112	A	114	41.77	0.0	100.0
113	Q	115	61.27	0.0	100.0
114	I	116	43.05	0.0	100.0
115	K	117	53.78	0.0	100.0
116	V	118	39.42	0.0	100.0
117	R	119	59.78	0.0	100.0
118	W	120	5.62	0.0	100.0
119	F	121	18.84	0.0	100.0
120	Q	122	112.98	0.0	100.0
121	E	123	82.78	0.0	100.0
122	E	124	84.56	0.0	100.0
123	T	125	67.28	0.0	100.0
124	T	126	147.72	0.0	100.0
125	G	127	56.7	0.0	100.0
126	V	128	64.42	0.0	100.0
127	V	129	86.6	0.0	100.0
128	S	130	69.65	0.0	100.0
129	T	131	61.14	0.0	100.0
130	P	132	112.2	0.0	100.0
131	L	133	71.71	0.0	100.0
132	I	134	62.38	22.27	64.29945495351073
133	R	135	180.73	107.86	40.31981408731256
134	N	136	54.54	54.54	0.0
135	G	137	62.49	51.47	17.634821571451436
136	D	138	94.16	48.89	48.07774001699235
137	W	139	148.81	146.37	1.6396747530407887
138	T	140	19.14	4.85	74.66039707419017
139	F	141	12.5	3.28	73.76
140	Q	142	48.96	41.23	15.788398692810466
141	I	143	24.45	0.0	100.0
142	L	144	56.95	0.0	100.0
143	V	145	13.09	0.0	100.0
144	L	147	40.2	0.0	100.0
145	E	148	129.47	0.0	100.0
146	R	150	147.88	0.0	100.0
147	G	151	77.43	0.0	100.0
148	D	152	75.57	0.0	100.0
149	V	153	49.89	0.0	100.0
150	Y	154	82.91	0.0	100.0
151	T	155	27.41	0.0	100.0
152	C	156	0.0	0.0	100.0
153	H	157	61.77	0.0	100.0
154	V	158	0.0	0.0	100.0
155	E	159	107.15	0.0	100.0
156	H	160	13.29	0.0	100.0
157	P	161	87.58	0.0	100.0
158	S	162	33.29	0.0	100.0
159	L	163	41.16	0.0	100.0
160	Q	164	110.84	0.0	100.0
161	N	165	118.0	0.0	100.0
162	P	166	59.47	0.0	100.0
163	I	167	54.62	0.0	100.0
164	I	168	94.97	0.0	100.0
165	V	169	37.34	0.0	100.0
166	E	170	113.85	0.0	100.0
167	W	171	110.46	0.0	100.0
168	R	172	99.79	0.0	100.0
