	Residue	No	ASA	BSA	Availability
0	D	2	102.25	0.0	100.0
1	Q	3	122.98	0.0	100.0
2	V	4	18.76	0.0	100.0
3	T	5	76.9	0.0	100.0
4	Q	6	13.75	0.0	100.0
5	S	7	53.46	0.0	100.0
6	P	8	48.7	0.0	100.0
7	E	9	144.64	0.0	100.0
8	A	10	66.26	0.0	100.0
9	L	11	35.97	0.0	100.0
10	R	12	148.78	0.0	100.0
11	L	13	7.03	0.0	100.0
12	Q	14	73.71	0.0	100.0
13	E	15	49.33	0.0	100.0
14	G	16	34.11	0.0	100.0
15	E	17	91.58	0.0	100.0
16	S	18	68.29	13.23	80.62673890759994
17	S	19	31.53	0.0	100.0
18	S	20	47.94	0.0	100.0
19	L	21	0.17	0.0	100.0
20	N	22	24.86	0.0	100.0
21	C	23	0.0	0.0	100.0
22	S	24	40.36	0.0	100.0
23	Y	25	21.34	0.0	100.0
24	T	26	97.98	0.0	100.0
25	V	27	15.64	0.0	100.0
26	S	28	71.6	1.16	98.37988826815644
27	G	29	46.08	26.5	42.49131944444444
28	L	36	34.11	3.31	90.29610085019057
29	R	37	164.5	164.5	0.0
30	G	38	0.67	0.67	0.0
31	L	39	0.24	0.0	100.0
32	F	40	30.32	26.87	11.378627968337728
33	W	41	0.47	0.0	100.0
34	Y	42	46.9	45.6	2.7718550106609747
35	R	43	46.43	0.0	100.0
36	Q	44	55.18	39.71	28.035520115984053
37	D	45	32.54	0.0	100.0
38	P	46	127.57	31.03	75.67609939640981
39	G	47	90.65	49.77	45.0965250965251
40	K	48	132.79	15.01	88.696437984788
41	G	49	56.26	38.13	32.22538215428368
42	P	50	74.75	67.84	9.244147157190632
43	E	51	100.73	0.0	100.0
44	F	52	117.32	48.33	58.80497783839073
45	L	53	35.58	0.0	100.0
46	F	54	6.69	0.0	100.0
47	T	55	13.41	9.32	30.499627143922442
48	L	56	0.34	0.0	100.0
49	Y	57	130.71	130.71	0.0
50	S	58	58.46	48.36	17.276770441327404
51	A	59	39.22	12.27	68.7149413564508
52	G	63	71.24	26.89	62.254351487928126
53	E	64	48.87	21.59	55.82156742377736
54	E	65	105.36	82.85	21.364844343204258
55	K	66	82.97	41.84	49.57213450644811
56	E	67	121.82	72.54	40.45312756526021
57	K	68	137.91	0.0	100.0
58	E	74	97.45	48.51	50.22062596203182
59	R	75	79.33	41.33	47.90117231816463
60	L	76	29.01	0.0	100.0
61	K	77	64.9	24.59	62.110939907550076
62	A	78	0.0	0.0	62.110939907550076
63	T	79	29.16	0.0	100.0
64	L	80	5.65	0.0	100.0
65	T	81	59.34	0.0	100.0
66	K	82	163.3	0.0	100.0
67	K	85	148.15	0.0	100.0
68	E	86	42.13	0.0	100.0
69	S	87	0.34	0.0	100.0
70	F	88	69.6	0.0	100.0
71	L	89	0.0	0.0	100.0
72	H	90	59.04	0.0	100.0
73	I	91	2.28	0.0	100.0
74	T	92	69.9	55.28	20.915593705293283
75	A	93	38.42	6.36	83.44612181155648
76	P	94	0.0	0.0	83.44612181155648
77	K	95	63.37	29.63	53.24285939719109
78	P	96	29.38	0.0	100.0
79	E	97	111.4	58.79	47.226211849192104
80	D	98	14.74	0.25	98.30393487109905
81	S	99	28.42	0.0	100.0
82	A	100	7.09	0.0	100.0
83	T	101	40.19	0.0	100.0
84	Y	102	2.67	0.0	100.0
85	L	103	24.01	17.65	26.488962932111633
86	C	104	0.0	0.0	26.488962932111633
87	A	105	1.01	0.0	100.0
88	V	106	3.06	0.0	100.0
89	Q	107	57.39	52.25	8.956264157518733
90	A	108	2.04	0.0	100.0
91	S	109	64.68	44.65	30.967841682127407
92	G	110	31.41	0.0	100.0
93	G	112	22.19	0.0	100.0
94	S	113	81.11	33.25	59.006287757366536
95	Y	114	99.64	97.79	1.856684062625446
96	I	115	121.34	72.74	40.052744354705794
97	P	116	66.39	57.32	13.661696038560025
98	T	117	51.62	0.0	100.0
99	F	118	96.13	70.37	26.797045667325488
100	G	119	6.97	1.72	75.32281205164993
101	R	120	232.29	78.87	66.0467519049464
102	G	121	2.88	0.0	100.0
103	T	122	0.0	0.0	100.0
104	S	123	51.49	0.0	100.0
105	L	124	5.93	0.0	100.0
106	I	125	83.11	0.0	100.0
107	V	126	3.56	0.0	100.0
108	H	127	20.33	0.0	100.0
109	P	128	6.73	0.0	100.0
110	Y	129	129.61	0.0	100.0
111	I	130	18.6	0.0	100.0
112	Q	131	133.04	0.0	100.0
113	N	132	121.58	0.0	100.0
114	P	133	66.24	0.0	100.0
115	D	134	91.48	38.61	57.79405334499344
116	P	135	20.21	0.0	100.0
117	A	136	0.17	0.17	0.0
118	V	137	3.69	0.0	100.0
119	Y	138	75.39	74.55	1.1142061281337092
120	Q	139	133.32	17.83	86.62616261626162
121	L	140	86.45	81.55	5.66801619433199
122	R	141	104.51	61.53	41.12525117213664
123	D	142	90.67	3.18	96.4927760008823
124	S	143	64.91	36.31	44.06100754891387
125	K	144	118.54	0.0	100.0
126	S	145	116.2	2.67	97.70223752151462
127	S	146	51.52	25.67	50.17468944099379
128	D	147	87.85	0.0	100.0
129	K	148	99.51	56.26	43.462968545874794
130	S	149	36.14	0.17	99.5296070835639
131	V	150	47.51	45.19	4.883182487897286
132	C	151	2.15	0.0	100.0
133	L	152	44.55	43.38	2.6262626262626143
134	F	153	0.31	0.0	100.0
135	T	154	14.5	12.78	11.862068965517246
136	D	155	29.39	23.52	19.972779857094253
137	F	156	0.0	0.0	19.972779857094253
138	D	157	49.64	0.0	100.0
139	S	158	7.17	0.0	100.0
140	Q	159	81.55	0.0	100.0
141	T	160	11.83	0.0	100.0
142	N	161	79.84	0.0	100.0
143	V	162	18.45	0.0	100.0
144	S	163	46.16	0.0	100.0
145	Q	164	103.89	25.17	75.77245163153336
146	S	165	19.61	0.0	100.0
147	K	166	174.83	0.0	100.0
148	D	167	83.31	0.0	100.0
149	S	168	92.22	0.0	100.0
150	D	169	86.79	4.79	94.4809309828321
151	V	170	19.92	0.0	100.0
152	Y	171	107.13	72.8	32.04517875478391
153	I	172	15.11	10.82	28.39179351422898
154	T	173	53.84	48.09	10.679791976225854
155	D	174	100.82	7.58	92.48165046617734
156	K	175	43.2	4.2	90.27777777777777
157	C	176	83.61	71.31	14.711158952278433
158	V	177	51.05	5.63	88.97159647404504
159	L	178	104.45	98.27	5.916706558161806
160	D	179	89.16	36.42	59.15208613728129
161	R	181	193.56	147.9	23.5895846249225
162	S	182	143.52	1.4	99.02452619843923
163	D	184	164.03	38.56	76.4921051027251
164	F	185	133.7	47.55	64.43530291697832
165	K	186	59.64	0.0	100.0
166	S	187	6.51	4.91	24.577572964669734
167	N	188	5.08	0.0	100.0
168	S	189	12.25	11.08	9.551020408163264
169	A	190	0.0	0.0	9.551020408163264
170	V	191	51.2	51.2	0.0
171	A	192	0.0	0.0	0.0
172	W	193	77.31	71.5	7.515198551287029
173	S	194	1.15	0.0	100.0
174	N	195	96.91	0.0	100.0
175	K	196	36.64	0.0	100.0
176	S	197	112.14	0.0	100.0
177	D	198	127.35	0.0	100.0
178	F	199	30.8	0.0	100.0
179	A	200	51.07	0.0	100.0
180	C	201	21.03	0.0	100.0
181	A	202	81.19	0.0	100.0
182	N	203	82.44	0.0	100.0
183	A	204	7.13	0.0	100.0
184	F	205	9.51	0.0	100.0
185	N	206	115.03	0.0	100.0
186	N	207	59.73	0.0	100.0
187	S	208	8.56	0.0	100.0
188	I	209	160.37	0.0	100.0
189	I	210	41.84	0.0	100.0
190	P	211	34.88	0.0	100.0
191	E	212	173.57	0.0	100.0
192	D	213	137.01	0.0	100.0
193	T	214	15.36	0.0	100.0
194	F	215	113.29	38.16	66.31653279194987
195	F	216	92.69	0.0	100.0
196	P	217	60.26	18.09	69.9800862927315
197	S	218	166.96	0.0	100.0
