	Residue	No	ASA	BSA	Availability
0	D	1	163.97	0.0	100.0
1	S	2	102.5	40.35	60.63414634146341
2	P	3	130.12	68.4	47.433138641254224
3	E	4	145.96	29.96	79.47382844614962
4	D	5	103.7	99.79	3.770491803278685
5	F	6	137.23	115.78	15.63069299715805
6	V	7	62.23	62.23	0.0
7	Y	8	127.77	127.77	0.0
8	Q	9	61.45	60.69	1.2367778681855248
9	F	10	113.58	113.58	0.0
10	K	11	105.32	89.92	14.622104063805539
11	G	12	71.5	71.5	0.0
12	C	14	55.71	54.56	2.064261353437441
13	Y	15	107.61	77.87	27.636836725211406
14	F	16	75.32	74.53	1.0488582049920234
15	T	17	83.58	40.74	51.256281407035175
16	N	18	110.78	14.64	86.78461816212312
17	G	19	42.64	1.32	96.90431519699813
18	T	20	82.75	0.0	100.0
19	E	21	130.44	0.0	100.0
20	R	22	92.97	0.0	100.0
21	V	23	11.25	0.0	100.0
22	R	24	90.53	35.38	60.919032364961886
23	L	25	6.7	6.7	0.0
24	V	26	10.75	4.78	55.534883720930225
25	T	27	8.61	6.52	24.274099883855982
26	R	28	55.91	16.71	70.11268109461635
27	Y	29	30.54	30.54	0.0
28	I	30	10.25	10.25	0.0
29	Y	31	74.44	70.32	5.534658785599147
30	N	32	56.77	42.37	25.36550995243968
31	R	33	225.04	159.44	29.15037326697476
32	E	34	68.78	0.0	100.0
33	E	35	33.87	18.42	45.61558901682904
34	Y	36	23.03	23.03	0.0
35	A	37	0.0	0.0	0.0
36	R	38	78.48	0.0	100.0
37	F	39	0.31	0.0	100.0
38	D	40	13.51	0.0	100.0
39	S	41	30.57	0.0	100.0
40	D	42	82.32	0.0	100.0
41	V	43	65.41	0.0	100.0
42	G	44	15.5	0.0	100.0
43	V	45	44.8	0.0	100.0
44	Y	46	6.0	2.07	65.5
45	R	47	136.09	0.0	100.0
46	A	48	41.15	0.0	100.0
47	V	49	56.79	0.0	100.0
48	T	50	38.78	0.0	100.0
49	P	51	131.67	0.74	99.43798891167312
50	L	52	89.62	71.93	19.738897567507248
51	G	53	0.0	0.0	19.738897567507248
52	P	54	50.19	0.0	100.0
53	P	55	99.89	32.82	67.14385824406847
54	A	56	20.07	20.07	0.0
55	A	57	6.01	0.0	100.0
56	E	58	122.81	0.0	100.0
57	Y	59	131.36	85.02	35.27710109622413
58	W	60	50.26	50.26	0.0
59	N	61	50.55	0.0	100.0
60	S	62	87.34	0.0	100.0
61	Q	63	62.09	26.18	57.83540022547915
62	K	64	158.03	0.0	100.0
63	E	65	121.67	83.52	31.355305334100443
64	V	66	27.28	15.4	43.54838709677419
65	L	67	17.24	0.0	100.0
66	E	68	104.58	52.64	49.66532797858099
67	R	69	116.69	116.69	0.0
68	T	70	1.17	0.0	100.0
69	R	71	116.57	0.0	100.0
70	A	72	43.78	35.13	19.757880310644126
71	E	73	37.51	33.66	10.263929618768334
72	L	74	31.38	0.0	100.0
73	D	75	78.19	22.53	71.1855736027625
74	T	76	90.98	74.98	17.586282699494394
75	V	77	63.92	63.92	0.0
76	C	78	2.82	2.82	0.0
77	R	79	106.98	0.0	100.0
78	H	80	98.91	86.71	12.334445455464566
79	N	81	61.11	61.11	0.0
80	Y	82	23.16	13.22	42.91882556131261
81	Q	83	71.26	0.0	100.0
82	L	84	79.33	79.33	0.0
83	E	85	59.19	59.19	0.0
84	L	86	69.31	0.0	100.0
85	R	87	152.14	37.89	75.0953069541212
86	T	88	84.03	83.38	0.7735332619302698
87	T	89	32.91	30.61	6.988757216651466
88	L	90	102.01	41.85	58.97461033232037
89	Q	91	98.35	7.53	92.34367056431113
90	R	92	89.45	34.45	61.48686416992734
91	R	93	168.27	0.0	100.0
92	V	94	41.52	0.0	100.0
93	E	95	104.69	0.0	100.0
94	P	96	7.97	0.0	100.0
95	T	97	78.96	1.17	98.51823708206686
96	V	98	14.86	0.0	100.0
97	T	99	73.1	21.27	70.90287277701779
98	I	100	29.83	0.0	100.0
99	S	101	50.95	2.99	94.1315014720314
100	P	102	108.28	0.0	100.0
101	L	103	140.58	0.0	100.0
102	L	104	11.81	0.0	100.0
103	V	105	55.56	0.0	100.0
104	C	106	0.0	0.0	100.0
105	S	107	23.44	12.75	45.60580204778157
106	V	108	0.0	0.0	45.60580204778157
107	T	109	35.31	33.07	6.3438119512885915
108	D	110	68.86	37.04	46.209700842288704
109	F	111	0.0	0.0	46.209700842288704
110	Y	112	35.39	23.33	34.0774230008477
111	P	113	32.69	0.0	100.0
112	A	114	36.17	0.0	100.0
113	Q	115	104.55	0.0	100.0
114	I	116	44.57	0.0	100.0
115	K	117	47.27	0.0	100.0
116	V	118	32.21	0.0	100.0
117	R	119	98.54	0.0	100.0
118	W	120	3.5	0.0	100.0
119	F	121	34.43	0.0	100.0
120	R	122	85.01	0.0	100.0
121	N	123	66.38	0.0	100.0
122	D	124	142.11	0.0	100.0
123	Q	125	125.84	0.0	100.0
124	E	126	59.08	0.0	100.0
125	E	127	39.7	0.0	100.0
126	T	128	108.11	0.0	100.0
127	T	129	99.36	0.0	100.0
128	G	130	13.13	0.0	100.0
129	V	131	54.54	0.0	100.0
130	V	132	84.17	0.0	100.0
131	S	133	65.93	0.0	100.0
132	T	134	47.0	0.0	100.0
133	P	135	102.77	0.0	100.0
134	L	136	73.28	0.0	100.0
135	I	137	70.29	22.43	68.08934414568218
136	R	138	184.37	106.67	42.1435157563595
137	N	139	60.31	60.31	0.0
138	G	140	63.44	51.76	18.41109709962169
139	D	141	94.39	46.06	51.20245788748809
140	W	142	139.73	137.7	1.4528018321047744
141	T	143	11.94	2.55	78.64321608040203
142	F	144	11.25	2.03	81.95555555555556
143	Q	145	48.93	37.86	22.624156958920906
144	I	146	19.58	0.0	100.0
145	L	147	56.5	0.0	100.0
146	V	148	14.97	0.0	100.0
147	L	150	14.98	0.0	100.0
148	E	151	135.92	0.0	100.0
149	T	153	126.3	0.0	100.0
150	P	154	76.16	0.0	100.0
151	Q	155	119.77	0.0	100.0
152	R	156	217.81	0.0	100.0
153	G	157	63.95	0.0	100.0
154	D	158	8.1	0.0	100.0
155	V	159	51.17	0.0	100.0
156	Y	160	10.12	0.0	100.0
157	T	161	24.25	0.0	100.0
158	C	162	0.0	0.0	100.0
159	H	163	30.22	0.0	100.0
160	V	164	0.0	0.0	100.0
161	E	165	79.51	0.0	100.0
162	H	166	11.88	0.0	100.0
163	P	167	71.29	0.0	100.0
164	S	168	20.47	0.0	100.0
165	L	169	36.77	0.0	100.0
166	Q	170	175.75	0.0	100.0
167	N	171	110.38	0.0	100.0
168	P	172	46.97	0.0	100.0
169	I	173	45.18	0.0	100.0
170	I	174	106.21	0.0	100.0
171	V	175	35.82	0.0	100.0
172	E	176	85.87	0.0	100.0
173	W	177	34.51	0.0	100.0
174	R	178	147.54	0.0	100.0
175	A	179	19.97	0.0	100.0
176	Q	180	127.82	0.0	100.0
177	S	181	149.05	0.0	100.0
