	Residue	No	ASA	BSA	Availability
0	D	1	198.87	0.0	100.0
1	I	2	167.85	120.05	28.477807566279417
2	V	3	149.0	15.73	89.44295302013423
3	A	4	59.9	32.39	45.926544240400666
4	D	5	136.72	54.52	60.12287887653598
5	H	6	116.5	70.14	39.79399141630901
6	V	7	98.96	36.83	62.782942603071945
7	A	8	37.98	33.37	12.137967351237492
8	S	9	33.96	15.6	54.06360424028268
9	Y	10	144.72	144.72	0.0
10	G	11	23.23	23.23	0.0
11	V	12	19.74	19.74	0.0
12	N	13	44.13	44.13	0.0
13	L	14	24.11	20.25	16.00995437577768
14	Y	15	38.79	17.51	54.859499871100795
15	Q	16	26.74	20.49	23.37322363500374
16	S	17	81.67	39.78	51.291784008815966
17	Y	18	126.46	37.26	70.5361379092203
18	G	19	67.66	0.0	100.0
19	P	20	88.25	0.0	100.0
20	S	21	49.61	0.0	100.0
21	G	22	27.23	0.0	100.0
22	Q	23	24.67	0.0	100.0
23	Y	24	7.41	7.27	1.8893387314440024
24	T	25	0.0	0.0	1.8893387314440024
25	H	26	22.4	22.4	0.0
26	E	27	10.88	0.0	100.0
27	F	28	79.22	78.28	1.1865690482201434
28	D	29	72.22	28.58	60.426474660758785
29	G	30	44.45	17.06	61.61979752530934
30	D	31	99.69	98.33	1.3642291102417488
31	E	32	19.39	12.74	34.29602888086642
32	Q	33	33.93	25.42	25.08104921898025
33	F	34	5.31	4.06	23.54048964218456
34	Y	35	74.32	0.0	100.0
35	V	36	3.8	0.0	100.0
36	D	37	38.7	0.0	100.0
37	L	38	39.84	0.0	100.0
38	G	39	73.56	0.0	100.0
39	R	40	188.18	0.0	100.0
40	K	41	118.12	0.0	100.0
41	E	42	87.18	0.0	100.0
42	T	43	25.29	0.0	100.0
43	V	44	51.94	0.0	100.0
44	W	45	35.79	9.38	73.79156188879574
45	S	46	61.79	10.52	82.97459135782489
46	L	47	91.87	88.53	3.6355720039185844
47	P	48	86.14	0.86	99.00162526120269
48	V	49	99.27	31.78	67.98629998992645
49	L	50	23.43	19.57	16.47460520699957
50	R	51	128.23	0.0	100.0
51	Q	52	126.76	29.54	76.6961186494162
52	F	53	107.56	107.56	0.0
53	R	54	203.47	46.61	77.09244606084435
54	F	55	32.42	27.13	16.317088217149912
55	D	56	66.06	26.9	59.27944293066909
56	P	57	32.46	0.0	100.0
57	Q	58	85.28	30.46	64.28236397748593
58	F	59	120.39	120.39	0.0
59	A	60	0.0	0.0	0.0
60	L	61	44.48	0.0	100.0
61	T	62	83.37	83.37	0.0
62	N	63	63.68	63.68	0.0
63	I	64	16.2	0.0	100.0
64	A	65	61.93	25.38	59.01824640723397
65	V	66	87.73	81.56	7.032941981078309
66	L	67	47.11	47.11	0.0
67	K	68	108.05	7.77	92.80888477556687
68	H	69	122.78	105.06	14.432317967095617
69	N	70	74.55	74.55	0.0
70	L	71	51.31	46.73	8.926135256285335
71	N	72	92.46	0.0	100.0
72	S	73	41.38	19.34	53.26244562590624
73	L	74	81.97	81.97	0.0
74	I	75	69.51	32.22	53.646957272334916
75	K	76	173.95	0.0	100.0
76	R	77	181.34	127.83	29.5081063196206
77	S	78	45.6	29.05	36.29385964912281
78	N	79	136.35	0.0	100.0
79	S	80	78.48	16.77	78.63149847094802
80	T	81	105.64	30.85	70.79704657326769
81	A	82	85.7	46.49	45.75262543757293
82	A	83	60.29	44.2	26.687676231547513
83	T	84	100.45	0.83	99.17371826779492
84	N	85	73.41	17.78	75.7798665032012
85	E	86	67.38	25.67	61.90264173345206
86	V	87	92.56	0.0	100.0
87	P	88	2.7	0.0	100.0
88	E	89	99.91	0.0	100.0
89	V	90	9.63	0.0	100.0
90	T	91	67.29	0.0	100.0
91	V	92	22.02	0.0	100.0
92	F	93	84.13	48.41	42.45810055865922
93	S	94	27.7	8.77	68.33935018050542
94	K	95	134.8	104.24	22.670623145400604
95	S	96	51.53	18.24	64.60314379972833
96	P	97	128.8	80.97	37.13509316770187
97	V	98	50.95	0.0	100.0
98	T	99	85.91	0.0	100.0
99	L	100	94.59	0.0	100.0
100	G	101	45.96	0.0	100.0
101	Q	102	105.73	0.0	100.0
102	P	103	105.65	0.0	100.0
103	N	104	13.22	0.0	100.0
104	I	105	48.41	0.67	98.61598843214212
105	L	106	0.17	0.0	100.0
106	I	107	19.92	19.75	0.8534136546184824
107	C	108	0.0	0.0	0.8534136546184824
108	L	109	44.08	2.35	94.66878402903811
109	V	110	0.0	0.0	94.66878402903811
110	D	111	33.13	0.0	100.0
111	N	112	27.44	2.21	91.94606413994168
112	I	113	0.0	0.0	91.94606413994168
113	F	114	60.82	59.42	2.301874383426502
114	P	115	10.89	10.06	7.621671258034894
115	P	116	6.11	2.68	56.137479541734855
116	V	117	34.66	0.0	100.0
117	V	118	24.1	0.0	100.0
118	N	119	85.78	0.0	100.0
119	I	120	16.87	0.0	100.0
120	T	121	68.72	0.0	100.0
121	W	122	1.89	0.0	100.0
122	L	123	28.85	0.0	100.0
123	S	124	16.88	0.0	100.0
124	N	125	77.28	0.0	100.0
125	G	126	51.49	0.0	100.0
126	H	127	129.92	0.0	100.0
127	S	128	97.24	0.0	100.0
128	V	129	37.12	0.0	100.0
129	T	130	121.91	0.0	100.0
130	E	131	150.75	0.0	100.0
131	G	132	36.32	0.0	100.0
132	V	133	54.44	0.0	100.0
133	S	134	64.44	0.0	100.0
134	E	135	88.57	0.0	100.0
135	T	136	26.36	10.72	59.332321699544764
136	S	137	13.82	0.0	100.0
137	F	138	26.78	0.0	100.0
138	L	139	8.2	6.69	18.414634146341452
139	S	140	35.54	15.12	57.456387169386616
140	K	141	62.61	4.04	93.54735665229197
141	S	142	113.22	0.5	99.5583819113231
142	D	143	92.59	31.69	65.77384166756669
143	H	144	145.81	129.37	11.274946848638638
144	S	145	6.77	6.52	3.6927621861152145
145	F	146	15.16	15.16	0.0
146	F	147	42.8	16.61	61.191588785046726
147	K	148	14.4	0.0	100.0
148	I	149	30.53	30.03	1.6377333770062235
149	S	150	0.32	0.0	100.0
150	Y	151	61.43	35.75	41.80367898420967
151	L	152	3.02	0.0	100.0
152	T	153	74.92	0.0	100.0
153	L	154	17.16	0.0	100.0
154	L	155	109.28	0.0	100.0
155	P	156	3.2	0.0	100.0
156	S	157	40.11	0.0	100.0
157	A	158	74.08	0.0	100.0
158	E	159	161.83	0.0	100.0
159	E	160	75.68	0.0	100.0
160	S	161	18.37	0.0	100.0
161	Y	162	18.26	0.0	100.0
162	D	163	18.81	0.0	100.0
163	C	164	0.0	0.0	100.0
164	K	165	55.57	0.0	100.0
165	V	166	0.0	0.0	100.0
166	E	167	69.26	0.0	100.0
167	H	168	14.45	0.0	100.0
168	W	169	117.82	61.78	47.5640808012222
169	G	170	16.7	0.0	100.0
170	L	171	31.18	0.0	100.0
171	D	172	156.31	0.0	100.0
172	K	173	155.75	0.0	100.0
173	P	174	55.77	0.0	100.0
174	L	175	53.75	0.0	100.0
175	L	176	83.21	0.0	100.0
176	K	177	81.8	0.0	100.0
177	H	178	102.56	0.0	100.0
178	W	179	13.88	0.0	100.0
179	E	180	87.54	0.0	100.0
180	P	181	26.73	0.0	100.0
181	E	182	176.83	0.0	100.0
