	Residue	No	ASA	BSA	Availability
0	E	1	187.13	0.0	100.0
1	D	2	24.74	0.0	100.0
2	Q	3	111.65	0.0	100.0
3	V	4	20.09	0.0	100.0
4	T	5	68.0	0.0	100.0
5	Q	6	15.06	0.0	100.0
6	S	7	58.23	0.0	100.0
7	P	8	53.35	0.0	100.0
8	E	9	151.53	0.0	100.0
9	A	10	35.89	0.0	100.0
10	L	11	30.55	0.0	100.0
11	R	12	141.52	0.0	100.0
12	L	13	6.37	0.0	100.0
13	Q	14	57.96	0.0	100.0
14	E	15	54.78	0.0	100.0
15	G	16	43.22	0.0	100.0
16	E	17	83.89	0.0	100.0
17	S	18	66.96	0.0	100.0
18	S	19	37.53	0.0	100.0
19	S	20	35.78	0.0	100.0
20	L	21	1.67	0.0	100.0
21	N	22	26.43	0.0	100.0
22	C	23	0.0	0.0	100.0
23	S	24	35.63	0.0	100.0
24	Y	25	18.11	0.0	100.0
25	T	26	37.64	0.0	100.0
26	V	27	106.08	0.0	100.0
27	S	28	66.81	4.18	93.74345157910493
28	G	29	44.79	1.34	97.00826077249386
29	L	36	38.87	10.54	72.8839722150759
30	R	37	156.52	156.52	0.0
31	G	38	0.0	0.0	0.0
32	L	39	0.24	0.0	100.0
33	F	40	31.23	30.76	1.5049631764329134
34	W	41	0.47	0.0	100.0
35	Y	42	44.85	43.75	2.452619843924195
36	R	43	53.94	0.0	100.0
37	Q	44	54.97	43.01	21.75732217573222
38	D	45	55.34	0.0	100.0
39	P	46	125.25	8.04	93.5808383233533
40	G	47	86.28	58.56	32.127955493741304
41	K	48	132.35	7.89	94.03853418964866
42	G	49	55.65	39.26	29.45193171608266
43	P	50	61.99	58.06	6.339732214873366
44	E	51	112.13	0.0	100.0
45	F	52	115.07	65.69	42.913009472495
46	L	53	46.24	0.0	100.0
47	F	54	13.72	0.0	100.0
48	T	55	8.64	6.49	24.884259259259263
49	L	56	0.16	0.0	100.0
50	Y	57	132.58	132.58	0.0
51	S	58	64.45	19.55	69.66640806826999
52	A	59	48.49	0.0	100.0
53	G	63	70.87	0.0	100.0
54	E	64	52.83	15.24	71.15275411697898
55	E	65	95.88	0.0	100.0
56	K	66	71.26	30.15	57.69014875105248
57	E	67	117.58	0.0	100.0
58	K	68	135.97	0.0	100.0
59	E	74	133.38	0.0	100.0
60	R	75	57.8	0.0	100.0
61	L	76	22.66	0.0	100.0
62	K	77	64.86	0.0	100.0
63	A	78	0.0	0.0	100.0
64	T	79	28.32	0.0	100.0
65	L	80	5.72	0.0	100.0
66	T	81	59.76	0.0	100.0
67	K	82	151.39	4.21	97.21910297906071
68	K	85	126.05	0.0	100.0
69	E	86	29.55	0.0	100.0
70	S	87	0.17	0.0	100.0
71	F	88	62.43	0.0	100.0
72	L	89	0.84	0.0	100.0
73	H	90	54.47	0.0	100.0
74	I	91	1.42	0.0	100.0
75	T	92	71.68	0.0	100.0
76	A	93	54.44	0.0	100.0
77	P	94	1.47	0.0	100.0
78	K	95	92.24	0.0	100.0
79	P	96	40.69	0.0	100.0
80	E	97	104.09	0.0	100.0
81	D	98	10.68	0.0	100.0
82	S	99	44.39	0.0	100.0
83	A	100	8.11	0.0	100.0
84	T	101	37.19	0.0	100.0
85	Y	102	2.15	0.0	100.0
86	L	103	20.75	16.06	22.60240963855422
87	C	104	0.0	0.0	22.60240963855422
88	A	105	0.0	0.0	22.60240963855422
89	V	106	0.24	0.0	100.0
90	Q	107	45.91	45.91	0.0
91	F	108	4.3	0.47	89.06976744186046
92	D	110	138.03	38.81	71.88292400202855
93	S	112	15.28	0.0	100.0
94	N	113	64.56	64.56	0.0
95	Y	114	178.6	163.98	8.185890257558794
96	Q	115	105.13	58.3	44.544849234281365
97	L	116	60.25	43.38	27.999999999999996
98	I	117	55.53	0.0	100.0
99	W	118	117.68	88.34	24.932019034670294
100	G	119	6.75	3.54	47.55555555555556
101	A	120	103.08	9.58	90.70624757469926
102	G	121	9.35	0.0	100.0
103	T	122	0.54	0.0	100.0
104	K	123	115.52	0.51	99.55851800554017
105	L	124	2.16	0.0	100.0
106	I	125	43.04	0.0	100.0
107	I	126	6.48	0.0	100.0
108	K	127	49.96	0.0	100.0
109	P	128	14.35	0.0	100.0
110	D	129	76.22	0.0	100.0
111	I	130	31.15	0.0	100.0
112	Q	131	73.23	0.0	100.0
113	N	132	137.29	0.0	100.0
114	P	133	63.45	0.0	100.0
115	D	134	105.24	30.99	70.55302166476625
116	P	135	56.57	0.0	100.0
117	A	136	30.45	5.85	80.78817733990148
118	V	137	58.96	0.0	100.0
119	Y	138	113.45	96.83	14.649625385632442
120	Q	139	104.53	14.23	86.38668324882809
121	L	140	80.82	78.4	2.9943083395199057
122	R	141	112.3	31.63	71.83437221727516
123	D	142	104.34	72.17	30.831895725512748
124	S	143	43.99	26.61	39.50897931348034
125	K	144	177.2	0.0	100.0
126	S	145	54.88	0.0	100.0
127	S	146	73.26	17.08	76.68577668577669
128	D	147	65.44	0.0	100.0
129	K	148	78.55	49.05	37.55569700827498
130	S	149	19.13	0.0	100.0
131	V	150	42.65	42.65	0.0
132	C	151	0.0	0.0	0.0
133	L	152	44.87	44.87	0.0
134	F	153	12.97	0.0	100.0
135	T	154	16.29	13.67	16.08348680171884
136	D	155	40.89	26.41	35.41208119344583
137	F	156	1.68	0.0	100.0
138	D	157	61.51	0.0	100.0
139	S	158	12.55	0.0	100.0
140	Q	159	81.22	0.0	100.0
141	T	160	26.55	0.0	100.0
142	N	161	107.67	0.0	100.0
143	V	162	21.51	0.0	100.0
144	S	163	48.58	0.0	100.0
145	Q	164	152.13	15.31	89.93623874318017
146	S	165	32.02	0.0	100.0
147	K	166	173.31	0.0	100.0
148	D	167	61.11	0.0	100.0
149	S	168	94.13	6.13	93.48772973547223
150	D	169	70.62	0.0	100.0
151	V	170	15.6	0.0	100.0
152	Y	171	103.55	70.11	32.293577981651374
153	I	172	26.71	19.01	28.828154249344813
154	T	173	50.17	41.88	16.523819015347815
155	D	174	111.32	29.22	73.75134746676248
156	K	175	63.92	6.13	90.40988735919899
157	C	176	86.81	71.47	17.670775256306882
158	V	177	60.87	9.0	85.21439132577623
159	L	178	104.5	97.33	6.861244019138757
160	D	179	81.52	26.67	67.28410206084396
161	R	181	216.82	61.62	71.58011253574394
162	S	182	132.79	1.48	98.88545824233753
163	D	184	143.58	0.0	100.0
164	F	185	115.16	47.22	58.996179228898924
165	K	186	44.69	0.0	100.0
166	S	187	9.71	6.45	33.57363542739444
167	N	188	3.81	0.0	100.0
168	S	189	16.01	13.66	14.678326046221118
169	A	190	1.67	1.67	0.0
170	V	191	42.86	42.86	0.0
171	A	192	0.0	0.0	0.0
172	W	193	68.89	65.95	4.267673102046738
173	S	194	0.73	0.0	100.0
174	N	195	83.42	0.0	100.0
175	K	196	63.35	0.0	100.0
176	S	197	125.62	0.0	100.0
177	D	198	115.43	0.0	100.0
178	F	199	29.04	0.0	100.0
179	A	200	63.75	0.0	100.0
180	C	201	12.31	0.0	100.0
181	A	202	92.78	0.0	100.0
182	N	203	123.61	0.0	100.0
183	A	204	12.09	0.0	100.0
184	F	205	4.84	0.0	100.0
185	N	206	53.32	0.0	100.0
186	N	207	31.42	0.0	100.0
187	S	208	27.4	0.0	100.0
188	I	209	110.92	0.0	100.0
189	I	210	148.24	0.0	100.0
190	P	211	134.9	0.0	100.0
191	E	212	168.71	0.0	100.0
