	Residue	No	ASA	BSA	Availability
0	G	3	89.51	0.0	100.0
1	V	4	15.07	0.0	100.0
2	T	5	79.62	0.0	100.0
3	Q	6	11.72	0.0	100.0
4	T	7	79.33	0.0	100.0
5	P	8	43.36	0.0	100.0
6	K	9	127.81	0.0	100.0
7	H	10	39.88	0.0	100.0
8	L	11	48.26	0.0	100.0
9	I	12	11.25	0.0	100.0
10	T	13	19.52	0.0	100.0
11	A	14	26.22	0.0	100.0
12	T	15	51.66	0.0	100.0
13	G	16	50.11	0.0	100.0
14	Q	17	100.97	0.0	100.0
15	R	18	189.37	0.0	100.0
16	V	19	11.54	0.0	100.0
17	T	20	51.42	0.0	100.0
18	L	21	0.0	0.0	100.0
19	R	22	141.01	0.0	100.0
20	C	23	2.34	0.0	100.0
21	S	24	46.47	0.0	100.0
22	P	25	19.93	0.0	100.0
23	R	26	65.52	0.0	100.0
24	S	27	119.44	0.0	100.0
25	G	28	61.53	0.0	100.0
26	D	29	2.21	0.0	100.0
27	L	37	56.39	38.66	31.441744990246505
28	S	38	0.0	0.0	31.441744990246505
29	V	39	0.0	0.0	31.441744990246505
30	Y	40	6.1	0.0	100.0
31	W	41	0.0	0.0	100.0
32	Y	42	20.2	18.36	9.108910891089108
33	Q	43	19.39	0.0	100.0
34	Q	44	67.32	32.14	52.257872846108135
35	S	45	26.62	0.0	100.0
36	L	46	180.56	0.0	100.0
37	D	47	136.39	0.0	100.0
38	Q	48	108.0	0.0	100.0
39	G	49	28.36	7.77	72.60225669957687
40	L	50	86.27	75.53	12.449287121826817
41	Q	51	55.15	0.0	100.0
42	F	52	62.78	39.36	37.30487416374642
43	L	53	3.01	0.0	100.0
44	I	54	4.51	0.0	100.0
45	Q	55	2.7	1.72	36.2962962962963
46	Y	56	8.84	0.0	100.0
47	Y	57	76.2	76.2	0.0
48	N	58	80.48	22.28	72.31610337972168
49	G	63	22.54	0.0	100.0
50	E	64	125.62	8.34	93.36092978825027
51	E	65	88.91	0.0	100.0
52	R	66	110.85	90.26	18.574650428506985
53	A	67	35.56	28.7	19.291338582677174
54	K	68	133.55	12.64	90.53538000748783
55	G	69	31.39	4.16	86.74737177445047
56	N	70	124.78	0.0	100.0
57	I	71	30.89	0.0	100.0
58	L	72	90.42	0.0	100.0
59	E	74	182.83	0.0	100.0
60	R	75	60.67	0.0	100.0
61	F	76	10.95	0.0	100.0
62	S	77	60.39	0.0	100.0
63	A	78	21.07	0.0	100.0
64	Q	79	84.93	0.0	100.0
65	Q	80	9.09	0.0	100.0
66	F	81	50.15	0.0	100.0
67	P	83	133.51	0.0	100.0
68	D	84	104.22	0.0	100.0
69	L	85	34.48	0.0	100.0
70	H	86	46.3	0.0	100.0
71	S	87	0.0	0.0	100.0
72	E	88	30.27	0.0	100.0
73	L	89	0.0	0.0	100.0
74	N	90	37.95	0.0	100.0
75	L	91	0.15	0.0	100.0
76	S	92	40.13	0.0	100.0
77	S	93	66.18	0.0	100.0
78	L	94	1.84	0.0	100.0
79	E	95	90.69	0.0	100.0
80	L	96	61.73	0.0	100.0
81	G	97	65.68	0.0	100.0
82	D	98	4.76	0.0	100.0
83	S	99	41.54	0.0	100.0
84	A	100	11.45	0.0	100.0
85	L	101	37.31	17.57	52.908067542213885
86	Y	102	0.0	0.0	52.908067542213885
87	F	103	36.44	36.44	0.0
88	C	104	0.0	0.0	0.0
89	A	105	0.0	0.0	0.0
90	S	106	0.0	0.0	0.0
91	S	107	2.18	0.0	100.0
92	V	108	94.89	41.51	56.2546106017494
93	A	109	37.1	25.59	31.02425876010782
94	G	110	4.7	4.7	0.0
95	T	111	45.69	24.97	45.34909170496827
96	P	112	86.41	86.41	0.0
97	S	113	82.54	82.54	0.0
98	Y	114	157.27	157.27	0.0
99	E	115	113.06	59.85	47.063506102954186
100	Q	116	47.6	44.18	7.184873949579836
101	Y	117	61.25	0.0	100.0
102	F	118	97.29	69.47	28.594922396957557
103	G	119	7.65	5.03	34.248366013071895
104	P	120	66.21	13.21	80.04833106781453
105	G	121	1.58	0.0	100.0
106	T	122	0.0	0.0	100.0
107	R	123	103.15	19.08	81.5026660203587
108	L	124	2.33	0.0	100.0
109	T	125	12.14	0.0	100.0
110	V	126	5.64	0.0	100.0
111	T	127	3.77	0.0	100.0
112	E	128	100.04	0.0	100.0
113	D	129	62.55	0.0	100.0
114	L	130	15.61	0.0	100.0
115	K	131	106.58	0.0	100.0
116	N	132	16.58	0.0	100.0
117	V	133	0.0	0.0	100.0
118	F	134	46.42	0.0	100.0
119	P	135	39.35	0.0	100.0
120	P	136	4.16	0.0	100.0
121	E	137	122.43	0.0	100.0
122	V	138	23.01	0.0	100.0
123	A	139	41.97	28.85	31.260424112461276
124	V	140	26.58	24.08	9.405568096313017
125	F	141	102.03	101.88	0.14701558365187267
126	E	142	77.34	50.19	35.10473235065943
127	P	143	14.95	0.78	94.78260869565219
128	S	144	58.62	50.31	14.176049129989757
129	E	145	134.05	0.0	100.0
130	A	146	74.31	13.34	82.04817655766384
131	E	147	32.41	32.41	0.0
132	I	148	26.39	0.0	100.0
133	S	149	84.82	0.0	100.0
134	H	150	157.12	49.0	68.81364562118127
135	T	151	39.56	16.15	59.17593528816988
136	Q	152	121.41	0.0	100.0
137	K	153	95.61	41.96	56.1133772617927
138	A	154	0.0	0.0	56.1133772617927
139	T	155	31.92	29.84	6.516290726817048
140	L	156	0.0	0.0	6.516290726817048
141	V	157	44.52	44.52	0.0
142	C	158	0.0	0.0	0.0
143	L	159	63.41	60.76	4.179151553382745
144	A	160	0.0	0.0	4.179151553382745
145	T	161	44.42	30.85	30.54930211616389
146	G	162	6.5	0.0	100.0
147	F	163	0.0	0.0	100.0
148	F	164	16.4	0.0	100.0
149	P	165	1.68	0.0	100.0
150	D	166	46.12	0.0	100.0
151	H	167	18.01	0.0	100.0
152	V	168	23.82	0.0	100.0
153	E	169	98.98	0.0	100.0
154	L	170	25.88	0.0	100.0
155	S	171	19.79	0.0	100.0
156	W	172	0.9	0.0	100.0
157	W	173	59.3	0.0	100.0
158	V	174	14.34	0.0	100.0
159	N	175	73.51	0.0	100.0
160	G	176	50.49	0.0	100.0
161	K	177	149.39	0.0	100.0
162	E	178	76.77	0.0	100.0
163	V	179	39.11	0.0	100.0
164	H	180	137.17	26.58	80.62258511336297
165	S	181	98.13	55.31	43.63599307041679
166	G	182	43.63	36.62	16.066926426770582
167	V	183	42.23	10.55	75.01775988633672
168	C	184	76.68	65.14	15.049556598852382
169	T	185	49.55	5.18	89.54591321897074
170	D	186	41.45	30.23	27.068757539203865
171	P	187	146.1	44.81	69.32922655715264
172	Q	188	127.78	0.0	100.0
173	P	189	23.24	0.0	100.0
174	L	190	133.77	90.63	32.249383269791444
175	K	191	85.55	5.03	94.12039742840444
176	E	192	77.03	40.8	47.03362326366351
177	Q	193	98.84	5.52	94.4152165115338
178	P	194	105.5	1.01	99.04265402843602
179	A	195	102.25	0.0	100.0
180	L	196	80.46	0.0	100.0
181	N	197	110.1	0.0	100.0
182	D	198	48.31	0.0	100.0
183	S	199	2.81	0.0	100.0
184	R	200	81.47	0.0	100.0
185	Y	201	37.03	0.0	100.0
186	A	202	19.13	17.85	6.691061160480907
187	L	203	11.49	1.44	87.46736292428199
188	S	204	19.21	19.21	0.0
189	S	205	0.0	0.0	0.0
190	R	206	83.82	83.82	0.0
191	L	207	3.51	0.0	100.0
192	R	208	106.44	89.91	15.529875986471254
193	V	209	22.69	0.0	100.0
194	S	210	53.24	0.0	100.0
195	A	211	8.16	0.0	100.0
196	T	212	105.45	0.0	100.0
197	F	213	70.89	0.0	100.0
198	W	214	8.56	0.0	100.0
199	Q	215	66.85	0.0	100.0
200	N	216	39.92	0.0	100.0
201	P	217	82.86	0.0	100.0
202	R	218	194.02	0.0	100.0
203	N	219	10.76	0.0	100.0
204	H	220	32.51	0.0	100.0
205	F	221	0.0	0.0	100.0
206	R	222	59.83	0.0	100.0
207	C	223	0.0	0.0	100.0
208	Q	224	26.25	0.0	100.0
209	V	225	0.0	0.0	100.0
210	Q	226	39.93	0.0	100.0
211	F	227	0.0	0.0	100.0
212	Y	228	50.69	0.0	100.0
213	G	229	3.56	0.0	100.0
214	L	230	6.2	0.0	100.0
215	S	231	56.47	0.0	100.0
216	E	232	132.11	0.0	100.0
217	N	233	142.62	0.0	100.0
218	D	234	28.43	0.0	100.0
219	E	235	127.7	0.0	100.0
220	W	236	51.91	0.0	100.0
221	T	237	130.61	0.0	100.0
222	Q	238	87.57	0.0	100.0
223	D	239	158.61	0.0	100.0
224	R	240	75.53	0.0	100.0
225	A	241	90.37	0.0	100.0
226	K	242	64.31	0.0	100.0
227	P	243	0.5	0.0	100.0
228	V	244	40.55	0.0	100.0
229	T	245	60.57	0.0	100.0
230	Q	246	55.62	0.0	100.0
231	I	247	92.41	0.0	100.0
232	V	248	35.88	0.0	100.0
233	S	249	47.78	0.0	100.0
234	A	250	17.81	0.0	100.0
235	E	251	107.44	5.4	94.97393894266567
236	A	252	8.01	1.34	83.270911360799
237	W	253	134.01	0.0	100.0
238	G	254	3.99	0.0	100.0
239	R	255	125.25	0.0	100.0
240	A	256	68.02	0.0	100.0
241	D	257	162.9	0.0	100.0
