	Residue	No	ASA	BSA	Availability
0	D	1	106.12	0.0	100.0
1	Q	2	130.69	0.0	100.0
2	V	3	19.76	0.0	100.0
3	T	4	84.93	0.0	100.0
4	Q	5	14.67	0.0	100.0
5	S	6	55.53	0.0	100.0
6	P	7	49.25	0.0	100.0
7	E	8	143.1	0.0	100.0
8	A	9	67.44	0.0	100.0
9	L	10	32.47	0.0	100.0
10	R	11	140.76	0.0	100.0
11	L	12	11.12	0.0	100.0
12	Q	13	74.73	0.0	100.0
13	E	14	62.42	0.0	100.0
14	G	15	42.12	0.0	100.0
15	E	16	88.28	0.0	100.0
16	S	17	67.92	18.25	73.1301531213192
17	S	18	31.38	0.0	100.0
18	S	19	49.58	0.0	100.0
19	L	20	0.17	0.0	100.0
20	N	21	21.52	0.0	100.0
21	C	22	0.0	0.0	100.0
22	S	23	39.23	0.0	100.0
23	Y	24	18.97	0.0	100.0
24	T	25	108.3	0.0	100.0
25	V	26	17.49	0.0	100.0
26	S	27	70.5	0.0	100.0
27	G	28	44.04	18.37	58.287920072661215
28	L	29	34.26	2.45	92.8488032691185
29	R	30	163.18	163.18	0.0
30	G	31	0.83	0.83	0.0
31	L	32	0.12	0.0	100.0
32	F	33	30.15	25.78	14.494195688225531
33	W	34	0.15	0.0	100.0
34	Y	35	48.86	47.66	2.4559967253377053
35	R	36	44.36	0.0	100.0
36	Q	37	54.25	40.78	24.8294930875576
37	D	38	46.81	0.0	100.0
38	P	39	126.72	33.83	73.30334595959596
39	G	40	89.63	47.69	46.79236862657593
40	K	41	145.5	37.8	74.02061855670104
41	G	42	56.75	37.92	33.180616740088105
42	P	43	68.43	63.29	7.511325442057587
43	E	44	105.74	0.0	100.0
44	F	45	102.43	56.1	45.230889387874655
45	L	46	10.38	0.0	100.0
46	F	47	6.96	0.0	100.0
47	T	48	16.09	15.95	0.8701056556867655
48	L	49	0.34	0.0	100.0
49	Y	50	129.51	129.51	0.0
50	S	51	55.67	48.86	12.232800431111913
51	A	52	54.56	12.27	77.51099706744868
52	G	53	70.17	24.65	64.87102750463161
53	E	54	62.26	29.06	53.324767105685844
54	E	55	107.3	82.66	22.963653308480897
55	K	56	84.43	40.74	51.74700935686367
56	E	57	123.89	75.2	39.30099281620792
57	K	58	96.13	0.0	100.0
58	E	59	174.37	62.73	64.02477490393991
59	R	60	66.14	28.87	56.35016631387965
60	L	61	23.38	0.95	95.93669803250641
61	K	62	56.1	24.16	56.934046345811055
62	A	63	0.0	0.0	56.934046345811055
63	T	64	36.53	0.0	100.0
64	L	65	2.25	0.0	100.0
65	T	66	45.28	0.0	100.0
66	K	67	170.21	0.0	100.0
67	K	68	114.86	0.0	100.0
68	E	69	32.3	0.0	100.0
69	S	70	0.17	0.0	100.0
70	F	71	59.52	0.0	100.0
71	L	72	0.0	0.0	100.0
72	H	73	52.78	0.5	99.05267146646457
73	I	74	1.0	0.0	100.0
74	T	75	75.56	60.62	19.772366331392277
75	A	76	42.56	2.97	93.0216165413534
76	P	77	0.24	0.0	100.0
77	K	78	78.64	44.18	43.81993896236012
78	P	79	31.39	0.0	100.0
79	E	80	90.68	36.05	60.244816938685496
80	D	81	12.63	0.0	100.0
81	S	82	26.73	0.0	100.0
82	A	83	6.62	0.0	100.0
83	T	84	37.86	0.0	100.0
84	Y	85	1.42	0.0	100.0
85	L	86	21.22	14.86	29.971724787935912
86	C	87	0.0	0.0	29.971724787935912
87	A	88	0.67	0.0	100.0
88	V	89	2.45	0.0	100.0
89	Q	90	59.26	54.94	7.289908876139049
90	A	91	1.77	0.0	100.0
91	S	92	63.21	46.24	26.847017876918205
92	G	93	34.55	0.0	100.0
93	G	94	16.59	0.0	100.0
94	S	95	85.59	26.47	69.07348989367918
95	Y	96	103.13	101.65	1.4350819354213031
96	I	97	116.4	60.8	47.766323024054984
97	P	98	72.01	63.9	11.262324677128186
98	T	99	35.33	0.0	100.0
99	F	100	103.05	74.92	27.29742843279961
100	G	101	7.1	2.21	68.87323943661971
101	R	102	232.0	80.7	65.21551724137932
102	G	103	3.05	0.0	100.0
103	T	104	0.0	0.0	100.0
104	S	105	49.64	0.0	100.0
105	L	106	4.86	0.0	100.0
106	I	107	70.18	0.0	100.0
107	V	108	3.68	0.0	100.0
108	H	109	22.02	0.0	100.0
109	P	110	0.84	0.0	100.0
110	Y	111	121.82	0.0	100.0
111	I	112	19.12	0.0	100.0
112	Q	113	122.92	0.0	100.0
113	N	114	120.38	0.0	100.0
114	P	115	64.49	0.0	100.0
115	D	116	90.97	39.54	56.535121468616026
116	P	117	16.97	0.0	100.0
117	A	118	0.17	0.17	0.0
118	V	119	2.2	0.0	100.0
119	Y	120	75.7	75.21	0.6472919418758376
120	Q	121	141.58	17.78	87.44172905777651
121	L	122	86.79	83.27	4.055766793409391
122	R	123	106.15	58.39	44.99293452661329
123	D	124	91.86	3.34	96.36403222294796
124	S	125	67.1	41.06	38.80774962742175
125	K	126	116.71	0.0	100.0
126	S	127	115.27	2.73	97.63164743645353
127	S	128	47.28	19.58	58.58714043993233
128	D	129	95.22	0.0	100.0
129	K	130	91.63	53.52	41.59118192731637
130	S	131	34.64	0.33	99.04734411085451
131	V	132	49.16	47.7	2.9698942229454715
132	C	133	2.48	0.0	100.0
133	L	134	45.85	45.52	0.7197382769901817
134	F	135	2.82	0.0	100.0
135	T	136	14.83	13.36	9.91233985165206
136	D	137	29.8	23.74	20.335570469798665
137	F	138	0.63	0.0	100.0
138	D	139	43.6	0.0	100.0
139	S	140	5.77	0.0	100.0
140	Q	141	76.38	0.0	100.0
141	T	142	24.87	0.0	100.0
142	N	143	99.38	0.0	100.0
143	V	144	19.96	0.0	100.0
144	S	145	50.53	0.0	100.0
145	Q	146	105.1	24.34	76.84110371075165
146	S	147	21.76	0.0	100.0
147	K	148	169.86	0.0	100.0
148	D	149	88.76	0.0	100.0
149	S	150	91.85	0.0	100.0
150	D	151	86.02	0.24	99.72099511741456
151	V	152	18.54	0.0	100.0
152	Y	153	104.32	70.35	32.563266871165645
153	I	154	11.05	6.43	41.80995475113123
154	T	155	59.01	55.04	6.727673275715978
155	D	156	92.61	8.69	90.61656408595185
156	K	157	27.24	2.18	91.9970631424376
157	C	158	85.51	68.58	19.798853935212264
158	V	159	50.39	5.22	89.64080174637826
159	L	160	97.71	91.73	6.120151468631655
160	D	161	74.18	41.4	44.18980857373956
161	R	163	163.29	99.57	39.0225978320779
162	S	164	146.06	11.1	92.40038340408051
163	D	166	158.19	31.69	79.96712813705038
164	F	167	129.06	47.95	62.84673795134046
165	K	168	53.19	0.0	100.0
166	S	169	5.21	4.46	14.39539347408829
167	N	170	1.42	0.0	100.0
168	S	171	15.48	14.82	4.263565891472869
169	A	172	0.33	0.33	0.0
170	V	173	46.81	46.81	0.0
171	A	174	0.0	0.0	0.0
172	W	175	77.94	71.22	8.622016936104695
173	S	176	0.8	0.0	100.0
174	N	177	86.52	0.0	100.0
175	K	178	30.55	0.0	100.0
176	S	179	114.15	0.0	100.0
177	D	180	127.82	0.0	100.0
178	F	181	28.85	0.0	100.0
179	A	182	48.15	0.0	100.0
180	C	183	13.23	0.0	100.0
181	A	184	78.76	0.0	100.0
182	N	185	97.06	0.0	100.0
183	A	186	9.73	0.0	100.0
184	F	187	8.69	0.0	100.0
185	N	188	116.72	0.0	100.0
186	N	189	55.51	0.0	100.0
187	S	190	6.06	0.0	100.0
188	I	191	150.41	0.0	100.0
189	I	192	40.33	0.0	100.0
190	P	193	35.12	0.0	100.0
191	E	194	178.69	0.0	100.0
192	D	195	138.06	0.0	100.0
193	T	196	33.14	0.0	100.0
194	F	197	107.83	36.88	65.7980153946026
195	F	198	86.18	0.0	100.0
196	P	199	67.12	20.26	69.81525625744935
197	S	200	167.59	0.0	100.0
