	Residue	No	ASA	BSA	Availability
0	D	1	182.01	0.0	100.0
1	I	2	160.33	110.76	30.91748269194786
2	V	3	146.73	2.57	98.24848360935052
3	A	4	56.13	31.73	43.4705148761803
4	D	5	137.42	50.6	63.17857662640082
5	H	6	120.83	75.41	37.59000248282711
6	V	7	92.46	32.47	64.88211118321436
7	A	8	36.23	33.46	7.645597571073686
8	S	9	36.87	22.18	39.84269053430973
9	Y	10	152.19	152.19	0.0
10	G	11	17.67	17.67	0.0
11	V	12	17.55	16.4	6.552706552706565
12	N	13	47.04	47.04	0.0
13	L	14	24.77	20.58	16.915623738393222
14	Y	15	37.96	17.58	53.68809272918863
15	Q	16	28.96	21.24	26.65745856353592
16	S	17	86.84	41.6	52.09580838323353
17	Y	18	127.26	38.17	70.00628634292
18	G	19	70.07	0.0	100.0
19	P	20	89.45	0.0	100.0
20	S	21	47.09	0.0	100.0
21	G	22	26.97	0.0	100.0
22	Q	23	30.86	0.0	100.0
23	Y	24	9.48	9.33	1.5822784810126618
24	T	25	1.0	0.0	100.0
25	H	26	20.79	20.79	0.0
26	E	27	10.71	0.0	100.0
27	F	28	82.81	80.78	2.451394759087068
28	D	29	67.85	26.23	61.34119380987472
29	G	30	45.62	17.36	61.946514686540986
30	D	31	100.91	99.92	0.981072242592404
31	E	32	20.79	13.54	34.87253487253487
32	Q	33	33.79	26.36	21.988754069251257
33	F	34	8.26	7.01	15.13317191283293
34	Y	35	71.42	0.0	100.0
35	V	36	6.14	0.0	100.0
36	D	37	38.41	0.0	100.0
37	L	38	53.73	0.0	100.0
38	G	39	78.05	0.0	100.0
39	R	40	168.53	0.0	100.0
40	K	41	108.79	0.0	100.0
41	E	42	77.69	0.0	100.0
42	T	43	28.68	0.0	100.0
43	V	44	55.7	0.0	100.0
44	W	45	54.72	4.21	92.30628654970761
45	S	46	64.58	11.13	82.76556209352741
46	L	47	90.52	83.68	7.556341140079528
47	P	48	89.13	3.85	95.68046673398408
48	V	49	120.85	29.31	75.74679354571782
49	L	50	23.18	19.67	15.142364106988776
50	R	51	143.64	0.0	100.0
51	Q	52	115.62	0.0	100.0
52	F	53	127.73	88.79	30.486181789712674
53	R	54	191.1	29.87	84.3694400837258
54	F	55	51.22	38.91	24.03358063256541
55	D	56	62.86	16.68	73.46484250715876
56	P	57	32.87	0.0	100.0
57	Q	58	80.25	20.17	74.86604361370716
58	F	59	111.11	109.59	1.3680136801367977
59	A	60	0.0	0.0	1.3680136801367977
60	L	61	72.42	12.05	83.36095001380835
61	T	62	75.87	67.27	11.335178594965083
62	N	63	59.65	59.65	0.0
63	I	64	18.24	0.0	100.0
64	A	65	57.62	35.4	38.5629989586949
65	V	66	86.37	86.37	0.0
66	L	67	45.05	45.05	0.0
67	K	68	105.85	0.0	100.0
68	H	69	120.57	101.23	16.04047441320394
69	N	70	74.34	74.34	0.0
70	L	71	51.83	49.82	3.8780628979355547
71	N	72	84.98	0.0	100.0
72	S	73	47.31	23.92	49.43986472204608
73	L	74	84.33	84.33	0.0
74	I	75	67.25	35.36	47.42007434944238
75	K	76	170.99	0.0	100.0
76	R	77	177.31	133.08	24.94501156167164
77	S	78	47.02	33.63	28.477243726074008
78	N	79	138.93	0.0	100.0
79	S	80	77.62	12.73	83.59958773511981
80	T	81	107.21	33.04	69.1819792929764
81	A	82	91.63	45.67	50.15824511622831
82	A	83	59.77	45.57	23.757737995649993
83	T	84	98.62	0.28	99.71608193064287
84	N	85	69.18	20.78	69.96241688349234
85	E	86	65.81	23.73	63.94165020513599
86	V	87	101.06	0.0	100.0
87	P	88	5.67	0.0	100.0
88	E	89	106.42	0.0	100.0
89	V	90	10.39	0.0	100.0
90	T	91	68.79	0.16	99.76740805349615
91	V	92	23.91	0.0	100.0
92	F	93	77.57	45.28	41.626917622792305
93	S	94	30.04	13.5	55.05992010652463
94	K	95	137.16	105.99	22.72528433945757
95	S	96	51.48	21.27	58.68298368298368
96	P	97	122.65	69.72	43.15532001630656
97	V	98	60.17	0.0	100.0
98	T	99	65.18	0.0	100.0
99	L	100	108.12	0.0	100.0
100	G	101	51.41	0.0	100.0
101	Q	102	113.14	0.0	100.0
102	P	103	104.54	0.0	100.0
103	N	104	13.37	0.0	100.0
104	I	105	45.96	0.0	100.0
105	L	106	1.17	0.0	100.0
106	I	107	20.16	19.83	1.636904761904771
107	C	108	0.0	0.0	1.636904761904771
108	L	109	47.28	12.66	73.22335025380711
109	V	110	0.0	0.0	73.22335025380711
110	D	111	30.95	0.0	100.0
111	N	112	34.99	7.72	77.93655330094313
112	I	113	0.0	0.0	77.93655330094313
113	F	114	57.1	55.38	3.012259194395795
114	P	115	12.39	12.05	2.74414850686037
115	P	116	7.12	3.68	48.31460674157303
116	V	117	33.63	0.0	100.0
117	V	118	17.84	0.0	100.0
118	N	119	84.33	0.0	100.0
119	I	120	20.17	0.0	100.0
120	T	121	54.94	0.0	100.0
121	W	122	0.93	0.0	100.0
122	L	123	31.52	0.0	100.0
123	S	124	23.43	0.0	100.0
124	N	125	81.15	0.0	100.0
125	G	126	56.86	0.0	100.0
126	H	127	148.9	0.0	100.0
127	S	128	81.21	0.0	100.0
128	V	129	39.82	0.0	100.0
129	T	130	124.76	0.0	100.0
130	E	131	148.31	0.0	100.0
131	G	132	34.51	0.0	100.0
132	V	133	51.65	0.0	100.0
133	S	134	61.51	0.0	100.0
134	E	135	86.56	0.0	100.0
135	T	136	36.48	13.81	62.143640350877185
136	S	137	13.0	0.0	100.0
137	F	138	21.51	0.0	100.0
138	L	139	8.36	4.18	50.0
139	S	140	37.94	15.64	58.77701634159198
140	K	141	51.62	4.65	90.99186361875242
141	S	142	93.96	0.0	100.0
142	D	143	88.76	29.28	67.01216764308246
143	H	144	150.93	132.89	11.952560789770104
144	S	145	8.52	8.52	0.0
145	F	146	15.17	15.17	0.0
146	F	147	39.13	14.24	63.60848453871709
147	K	148	14.16	0.0	100.0
148	I	149	30.2	29.87	1.0927152317880737
149	S	150	0.49	0.0	100.0
150	Y	151	61.55	36.55	40.61738424045492
151	L	152	3.68	0.0	100.0
152	T	153	83.73	0.0	100.0
153	L	154	17.43	0.0	100.0
154	L	155	108.13	0.0	100.0
155	P	156	5.38	0.0	100.0
156	S	157	42.39	0.0	100.0
157	A	158	95.79	0.0	100.0
158	E	159	84.14	0.0	100.0
159	E	160	68.21	0.0	100.0
160	S	161	24.43	0.0	100.0
161	Y	162	17.02	0.0	100.0
162	D	163	18.95	0.0	100.0
163	C	164	0.0	0.0	100.0
164	K	165	14.95	0.0	100.0
165	V	166	0.0	0.0	100.0
166	E	167	86.72	0.0	100.0
167	H	168	12.18	0.0	100.0
168	W	169	121.53	60.77	49.99588578951699
169	G	170	23.39	0.0	100.0
170	L	171	30.97	0.0	100.0
171	D	172	164.03	0.0	100.0
172	K	173	68.09	0.0	100.0
173	P	174	90.84	0.0	100.0
174	L	175	58.85	0.0	100.0
175	L	176	97.01	0.0	100.0
176	K	177	87.59	0.0	100.0
177	H	178	104.46	0.0	100.0
178	W	179	32.08	0.0	100.0
179	E	180	113.05	0.0	100.0
180	P	181	82.33	0.0	100.0
