	Residue	No	ASA	BSA	Availability
0	D	1	166.12	0.0	100.0
1	S	2	99.3	42.68	57.01913393756294
2	P	3	125.76	65.11	48.22678117048346
3	E	4	147.78	27.55	81.35742319664367
4	D	5	106.39	103.52	2.6976219569508455
5	F	6	139.38	115.03	17.4702252833979
6	V	7	61.1	61.1	0.0
7	Y	8	124.4	124.4	0.0
8	Q	9	57.72	57.6	0.2079002079002035
9	F	10	115.25	115.25	0.0
10	K	11	106.84	91.6	14.264320479221274
11	G	12	72.2	72.2	0.0
12	C	14	50.42	48.62	3.5700119000396753
13	Y	15	109.55	80.87	26.179826563213137
14	F	16	78.1	76.2	2.4327784891165067
15	T	17	80.6	38.51	52.220843672456574
16	N	18	111.25	15.39	86.16629213483145
17	G	19	41.64	2.04	95.10086455331412
18	T	20	84.94	0.0	100.0
19	E	21	122.7	0.0	100.0
20	R	22	87.95	0.0	100.0
21	V	23	10.16	0.0	100.0
22	R	24	92.93	33.56	63.886796513504784
23	L	25	6.2	6.2	0.0
24	V	26	11.66	5.17	55.660377358490564
25	T	27	9.47	7.19	24.076029567053855
26	R	28	60.35	20.0	66.85998342999171
27	Y	29	28.9	28.9	0.0
28	I	30	11.13	11.13	0.0
29	Y	31	76.37	71.47	6.416131989000924
30	N	32	57.1	42.38	25.779334500875656
31	R	33	225.48	153.72	31.825439063331558
32	E	34	72.98	0.0	100.0
33	E	35	34.29	15.83	53.83493729950424
34	Y	36	23.63	23.63	0.0
35	A	37	0.0	0.0	0.0
36	R	38	79.91	0.0	100.0
37	F	39	0.0	0.0	100.0
38	D	40	13.2	0.0	100.0
39	S	41	30.34	0.0	100.0
40	D	42	81.92	0.0	100.0
41	V	43	68.35	0.0	100.0
42	G	44	15.02	0.0	100.0
43	V	45	46.2	0.0	100.0
44	Y	46	2.98	1.14	61.74496644295302
45	R	47	132.18	0.0	100.0
46	A	48	39.45	0.0	100.0
47	V	49	58.19	0.0	100.0
48	T	50	34.06	0.0	100.0
49	P	51	131.93	0.49	99.62859091942697
50	L	52	94.76	73.14	22.81553398058253
51	G	53	0.0	0.0	22.81553398058253
52	P	54	53.19	0.0	100.0
53	P	55	101.13	32.54	67.82359339464057
54	A	56	19.85	19.85	0.0
55	A	57	5.85	0.0	100.0
56	E	58	127.13	0.0	100.0
57	Y	59	131.72	89.19	32.288187063467966
58	W	60	50.51	50.51	0.0
59	N	61	49.42	0.0	100.0
60	S	62	87.44	0.0	100.0
61	Q	63	61.94	21.97	64.5301905069422
62	K	64	157.92	0.0	100.0
63	E	65	128.06	89.31	30.259253474933622
64	V	66	22.24	10.71	51.84352517985611
65	L	67	15.14	0.0	100.0
66	E	68	101.71	44.57	56.17933339887916
67	R	69	116.82	116.82	0.0
68	T	70	0.5	0.0	100.0
69	R	71	111.86	0.0	100.0
70	A	72	41.65	32.36	22.304921968787514
71	E	73	38.05	34.51	9.303547963206306
72	L	74	29.62	0.0	100.0
73	D	75	80.05	24.52	69.369144284822
74	T	76	89.69	75.76	15.531274389564045
75	V	77	63.75	63.75	0.0
76	C	78	1.82	1.82	0.0
77	R	79	108.05	0.0	100.0
78	H	80	102.44	98.24	4.099960952752834
79	N	81	61.8	61.8	0.0
80	Y	82	24.81	13.75	44.57879887142281
81	Q	83	90.32	0.0	100.0
82	L	84	65.87	65.87	0.0
83	E	85	62.05	62.05	0.0
84	L	86	73.61	0.0	100.0
85	R	87	165.69	79.5	52.01883034582654
86	T	88	85.77	73.81	13.944269558120547
87	T	89	30.91	28.19	8.799741184082817
88	L	90	98.58	39.85	59.57597890038547
89	Q	91	97.13	0.73	99.24842993925667
90	R	92	81.93	27.29	66.69107774929819
91	R	93	169.36	0.0	100.0
92	V	94	41.68	0.0	100.0
93	E	95	105.75	0.0	100.0
94	P	96	6.72	0.0	100.0
95	T	97	76.22	3.35	95.60482812909999
96	V	98	13.55	0.0	100.0
97	T	99	72.32	16.66	76.96349557522124
98	I	100	27.57	0.0	100.0
99	S	101	50.8	4.16	91.81102362204724
100	P	102	129.15	0.0	100.0
101	L	103	100.5	0.0	100.0
102	L	104	10.23	0.0	100.0
103	V	105	56.91	0.0	100.0
104	C	106	0.0	0.0	100.0
105	S	107	26.45	17.73	32.96786389413988
106	V	108	0.0	0.0	32.96786389413988
107	T	109	31.83	30.47	4.272698711907005
108	D	110	71.87	39.7	44.76137470432725
109	F	111	0.0	0.0	44.76137470432725
110	Y	112	31.21	20.37	34.73245754565844
111	P	113	35.23	0.0	100.0
112	A	114	35.88	0.0	100.0
113	Q	115	105.44	0.0	100.0
114	I	116	44.67	0.0	100.0
115	K	117	45.94	0.0	100.0
116	V	118	33.34	0.0	100.0
117	R	119	143.96	0.0	100.0
118	W	120	6.0	0.0	100.0
119	F	121	46.82	0.0	100.0
120	R	122	126.57	0.0	100.0
121	N	123	90.99	0.0	100.0
122	D	124	94.83	20.26	78.63545291574395
123	Q	125	46.17	0.0	100.0
124	E	126	74.24	0.0	100.0
125	E	127	50.21	0.0	100.0
126	T	128	81.91	0.0	100.0
127	T	129	109.31	0.0	100.0
128	G	130	30.17	0.0	100.0
129	V	131	47.33	0.0	100.0
130	V	132	87.14	0.0	100.0
131	S	133	67.64	0.0	100.0
132	T	134	51.61	0.0	100.0
133	P	135	106.13	0.0	100.0
134	L	136	73.7	0.0	100.0
135	I	137	68.42	22.6	66.96872259573225
136	R	138	186.33	109.23	41.37819996779907
137	N	139	58.53	58.53	0.0
138	G	140	61.86	51.67	16.472680245716127
139	D	141	96.69	49.34	48.970938049436334
140	W	142	146.08	143.94	1.4649507119386738
141	T	143	14.45	3.26	77.43944636678201
142	F	144	10.94	3.9	64.35100548446069
143	Q	145	45.25	36.28	19.8232044198895
144	I	146	19.08	0.0	100.0
145	L	147	62.13	0.0	100.0
146	V	148	10.47	0.0	100.0
147	L	150	32.32	0.0	100.0
148	E	151	104.59	0.0	100.0
149	D	153	99.76	7.07	92.91299117882919
150	V	154	57.94	0.0	100.0
151	Y	155	54.44	0.0	100.0
152	T	156	15.06	0.0	100.0
153	C	157	0.0	0.0	100.0
154	H	158	41.24	0.0	100.0
155	V	159	0.0	0.0	100.0
156	E	160	81.59	0.0	100.0
157	H	161	11.85	0.0	100.0
158	P	162	70.96	0.0	100.0
159	S	163	20.02	0.0	100.0
160	L	164	29.2	0.0	100.0
161	Q	165	170.59	0.0	100.0
162	N	166	111.1	0.0	100.0
163	P	167	44.05	0.0	100.0
164	I	168	47.36	0.0	100.0
165	I	169	104.93	0.0	100.0
166	V	170	41.5	0.0	100.0
167	E	171	119.39	0.0	100.0
168	W	172	92.26	0.0	100.0
169	R	173	80.83	0.0	100.0
