	Residue	No	ASA	BSA	Availability
0	D	1	159.16	0.74	99.53505906006534
1	S	2	106.77	25.03	76.55708532359277
2	P	3	128.27	77.4	39.658532782412095
3	E	4	146.87	26.08	82.24279975488528
4	D	5	108.26	104.81	3.186772584518754
5	F	6	138.57	122.0	11.95785523562098
6	V	7	62.7	62.7	0.0
7	Y	8	118.84	118.84	0.0
8	Q	9	59.08	59.08	0.0
9	F	10	110.74	110.74	0.0
10	K	11	109.2	94.34	13.608058608058608
11	G	12	59.88	59.88	0.0
12	C	14	45.02	42.27	6.108396268325189
13	Y	15	111.26	83.51	24.941578285097968
14	F	16	77.29	75.95	1.7337301073877647
15	T	17	81.7	41.39	49.3390452876377
16	N	18	132.36	12.17	90.80537926866123
17	G	19	33.29	4.04	87.8642234905377
18	T	20	75.87	0.0	100.0
19	E	21	135.27	0.0	100.0
20	R	22	101.3	0.0	100.0
21	V	23	10.0	0.0	100.0
22	R	24	83.44	34.11	59.120325982742095
23	L	25	1.84	1.84	0.0
24	V	26	7.33	3.19	56.48021828103684
25	T	27	3.34	1.67	50.0
26	R	28	61.0	24.3	60.16393442622952
27	Y	29	35.32	35.32	0.0
28	I	30	11.71	11.71	0.0
29	Y	31	77.63	71.45	7.960839881489106
30	N	32	61.19	45.87	25.03677071416898
31	R	33	235.14	157.88	32.85702134898359
32	E	34	71.73	0.0	100.0
33	E	35	36.73	16.75	54.396950721481076
34	Y	36	23.88	23.88	0.0
35	A	37	0.0	0.0	0.0
36	R	38	74.08	15.3	79.34665226781857
37	F	39	0.79	0.0	100.0
38	D	40	15.89	0.74	95.34298300818125
39	S	41	29.51	8.22	72.14503558115892
40	D	42	78.66	19.36	75.38774472412916
41	V	43	73.2	44.3	39.4808743169399
42	G	44	17.96	16.45	8.407572383073505
43	V	45	52.75	49.2	6.729857819905208
44	Y	46	11.1	6.57	40.81081081081081
45	R	47	148.27	120.32	18.850745262022
46	A	48	50.08	19.61	60.84265175718849
47	V	49	58.42	6.57	88.75385142074632
48	T	50	34.39	0.0	100.0
49	P	51	126.43	0.0	100.0
50	L	52	100.63	64.51	35.89386862764582
51	G	53	0.0	0.0	35.89386862764582
52	P	54	48.85	0.31	99.36540429887411
53	P	55	103.74	69.75	32.7646038172354
54	A	56	15.17	15.17	0.0
55	A	57	5.19	0.0	100.0
56	E	58	115.94	60.14	48.1283422459893
57	Y	59	139.69	95.48	31.648650583434744
58	W	60	53.19	53.19	0.0
59	N	61	49.51	17.78	64.08806301757221
60	S	62	88.15	68.28	22.541123085649463
61	Q	63	62.7	15.31	75.58213716108453
62	K	64	158.21	26.03	83.547184122369
63	E	65	107.81	78.53	27.158890640942403
64	V	66	12.7	12.37	2.5984251968503944
65	L	67	20.15	8.37	58.46153846153847
66	E	68	108.75	49.57	54.418390804597706
67	R	69	145.02	145.02	0.0
68	T	70	7.46	3.68	50.67024128686327
69	R	71	113.31	24.43	78.43967875739122
70	A	72	43.75	32.18	26.44571428571429
71	E	73	57.85	57.85	0.0
72	L	74	36.05	0.0	100.0
73	D	75	78.06	46.09	40.955675121701255
74	T	76	86.05	85.07	1.1388727484020966
75	V	77	52.74	52.74	0.0
76	C	78	0.17	0.17	0.0
77	R	79	92.92	0.0	100.0
78	H	80	106.2	45.12	57.514124293785315
79	N	81	64.41	64.41	0.0
80	Y	82	24.42	12.4	49.221949221949224
81	Q	83	86.09	0.0	100.0
82	L	84	80.79	66.98	17.093699715311303
83	E	85	66.15	59.88	9.478458049886624
84	L	86	66.66	0.0	100.0
85	R	87	164.15	5.34	96.74687785561986
86	T	88	90.09	79.67	11.566211566211567
87	T	89	32.6	31.5	3.37423312883436
88	L	90	73.2	45.08	38.415300546448094
89	Q	91	117.2	0.0	100.0
90	R	92	77.49	27.99	63.87921022067364
91	R	93	113.18	0.0	100.0
92	V	94	39.51	0.0	100.0
93	E	95	104.42	0.0	100.0
94	P	96	9.35	0.0	100.0
95	T	97	72.62	2.59	96.43348939686037
96	V	98	12.8	0.0	100.0
97	T	99	67.39	19.97	70.36652322303011
98	I	100	31.07	0.0	100.0
99	S	101	48.26	4.02	91.67012018234561
100	P	102	143.21	0.0	100.0
101	L	103	285.73	0.0	100.0
102	L	104	26.37	0.0	100.0
103	V	105	50.13	0.0	100.0
104	C	106	0.0	0.0	100.0
105	S	107	22.79	15.19	33.34795963141729
106	V	108	0.23	0.0	100.0
107	T	109	43.5	36.77	15.471264367816085
108	D	110	64.71	38.23	40.92103229794468
109	F	111	0.0	0.0	40.92103229794468
110	Y	112	37.74	27.92	26.020137784843666
111	P	113	31.91	0.0	100.0
112	A	114	38.61	0.0	100.0
113	Q	115	125.08	0.0	100.0
114	I	116	38.42	0.0	100.0
115	K	117	99.39	0.0	100.0
116	V	118	30.77	0.0	100.0
117	R	119	87.15	0.0	100.0
118	W	120	15.91	0.0	100.0
119	F	121	210.82	0.0	100.0
120	R	122	30.91	0.0	100.0
121	N	123	73.32	0.0	100.0
122	D	124	141.58	0.0	100.0
123	Q	125	46.9	0.0	100.0
124	E	126	165.26	0.0	100.0
125	E	127	107.15	0.0	100.0
126	T	128	179.36	0.0	100.0
127	T	129	254.84	0.0	100.0
128	G	130	44.56	0.0	100.0
129	V	131	57.0	0.0	100.0
130	V	132	85.51	0.0	100.0
131	S	133	64.14	0.0	100.0
132	T	134	47.13	0.0	100.0
133	P	135	101.94	0.0	100.0
134	L	136	69.02	0.0	100.0
135	I	137	67.22	24.83	63.06158881285332
136	R	138	180.47	113.56	37.07541419626531
137	N	139	58.01	58.01	0.0
138	G	140	61.55	47.58	22.696994313566204
139	D	141	92.93	37.18	59.99139136984828
140	W	142	146.45	142.42	2.7517924206213737
141	T	143	13.65	3.92	71.28205128205128
142	F	144	9.69	5.0	48.40041279669762
143	Q	145	53.95	43.09	20.129749768303984
144	I	146	20.09	0.0	100.0
145	L	147	55.19	0.0	100.0
146	V	148	8.58	0.0	100.0
147	L	150	66.83	0.0	100.0
148	E	151	242.07	0.0	100.0
149	T	153	113.41	0.0	100.0
150	P	154	101.89	0.0	100.0
151	Q	155	47.17	0.0	100.0
152	R	156	237.87	0.0	100.0
153	G	157	77.45	0.0	100.0
154	D	158	35.27	0.0	100.0
155	V	159	42.59	0.0	100.0
156	Y	160	137.03	0.0	100.0
157	T	161	40.61	0.0	100.0
158	C	162	0.0	0.0	100.0
159	H	163	43.97	0.0	100.0
160	V	164	0.0	0.0	100.0
161	E	165	61.36	0.0	100.0
162	H	166	13.64	0.0	100.0
163	P	167	63.17	0.0	100.0
164	S	168	29.77	0.0	100.0
165	L	169	45.25	0.0	100.0
166	Q	170	177.68	0.0	100.0
167	N	171	115.3	0.0	100.0
168	P	172	58.6	0.0	100.0
169	I	173	49.57	0.0	100.0
170	I	174	93.1	0.0	100.0
171	V	175	44.03	0.0	100.0
172	E	176	185.0	0.0	100.0
173	W	177	268.57	0.0	100.0
174	R	178	175.94	0.0	100.0
175	A	179	96.21	0.0	100.0
