	Residue	No	ASA	BSA	Availability
0	Q	3	140.03	0.0	100.0
1	V	4	14.35	0.0	100.0
2	T	5	71.64	0.0	100.0
3	Q	6	17.02	0.0	100.0
4	S	7	49.98	0.0	100.0
5	P	8	48.49	0.0	100.0
6	E	9	92.66	0.0	100.0
7	A	10	48.59	0.0	100.0
8	L	11	38.27	0.0	100.0
9	R	12	170.93	0.0	100.0
10	L	13	6.1	0.0	100.0
11	Q	14	63.18	0.0	100.0
12	E	15	65.5	0.0	100.0
13	G	16	41.29	0.0	100.0
14	E	17	81.14	0.0	100.0
15	S	18	64.91	0.0	100.0
16	S	19	31.74	0.0	100.0
17	S	20	48.2	0.0	100.0
18	L	21	1.0	0.0	100.0
19	N	22	25.67	0.0	100.0
20	C	23	0.0	0.0	100.0
21	S	24	34.0	0.0	100.0
22	Y	25	11.76	0.0	100.0
23	T	26	108.58	0.0	100.0
24	V	27	38.67	0.09	99.76726144297905
25	S	28	100.5	47.65	52.58706467661691
26	G	29	23.32	19.53	16.25214408233276
27	L	36	37.78	19.83	47.51191106405506
28	R	37	134.3	134.3	0.0
29	G	38	0.0	0.0	0.0
30	L	39	0.0	0.0	0.0
31	F	40	40.63	38.76	4.6025104602510565
32	W	41	0.0	0.0	4.6025104602510565
33	Y	42	34.87	34.87	0.0
34	R	43	42.72	0.0	100.0
35	Q	44	48.08	42.63	11.335274542429277
36	D	45	63.98	0.0	100.0
37	P	46	99.97	0.0	100.0
38	G	47	78.58	39.15	50.17816238228557
39	K	48	125.21	9.14	92.70026355722386
40	G	49	56.59	39.53	30.146669022795546
41	P	50	65.31	60.89	6.767723166436995
42	E	51	100.69	0.0	100.0
43	F	52	108.89	53.01	51.3178436954725
44	L	53	32.84	0.0	100.0
45	F	54	12.3	0.0	100.0
46	T	55	15.81	10.72	32.194813409234655
47	L	56	0.0	0.0	32.194813409234655
48	Y	57	130.35	127.55	2.1480629075565765
49	S	58	60.57	45.94	24.15387155357438
50	A	59	49.63	0.0	100.0
51	G	63	72.44	0.0	100.0
52	E	64	46.38	1.96	95.77404053471324
53	E	65	104.77	0.0	100.0
54	K	66	83.47	28.82	65.47262489517192
55	E	67	124.22	0.0	100.0
56	K	68	131.19	0.0	100.0
57	E	74	140.18	0.0	100.0
58	R	75	65.83	0.0	100.0
59	L	76	20.1	0.0	100.0
60	K	77	62.78	0.0	100.0
61	A	78	0.0	0.0	100.0
62	T	79	23.78	0.0	100.0
63	L	80	2.86	0.0	100.0
64	T	81	60.73	0.0	100.0
65	K	82	172.42	0.0	100.0
66	K	85	138.13	0.0	100.0
67	E	86	41.92	0.0	100.0
68	S	87	0.33	0.0	100.0
69	F	88	64.83	0.0	100.0
70	L	89	1.01	0.0	100.0
71	H	90	54.46	0.0	100.0
72	I	91	1.84	0.0	100.0
73	T	92	77.71	0.0	100.0
74	A	93	57.11	0.0	100.0
75	P	94	0.61	0.0	100.0
76	K	95	86.01	0.0	100.0
77	P	96	24.1	0.0	100.0
78	E	97	105.71	0.0	100.0
79	D	98	10.13	0.0	100.0
80	S	99	46.48	0.0	100.0
81	A	100	7.53	0.0	100.0
82	T	101	18.06	0.33	98.17275747508306
83	Y	102	2.29	0.0	100.0
84	L	103	21.25	15.9	25.176470588235293
85	C	104	0.0	0.0	25.176470588235293
86	A	105	0.0	0.0	25.176470588235293
87	V	106	0.0	0.0	25.176470588235293
88	A	107	10.71	7.86	26.610644257703086
89	L	108	6.57	1.6	75.64687975646879
90	N	109	94.64	94.64	0.0
91	N	110	121.04	82.98	31.444150693985463
92	N	111	51.39	11.1	78.40046701692937
93	A	112	123.5	68.28	44.71255060728745
94	G	113	45.69	45.69	0.0
95	N	114	136.73	136.73	0.0
96	L	116	87.9	73.32	16.587030716723564
97	T	117	46.74	0.0	100.0
98	F	118	88.54	69.2	21.843234696182517
99	G	119	6.98	0.98	85.95988538681948
100	G	120	72.24	2.84	96.06866002214839
101	G	121	2.34	0.0	100.0
102	T	122	0.12	0.0	100.0
103	R	123	129.09	0.0	100.0
104	L	124	19.04	0.0	100.0
105	V	126	16.98	0.0	100.0
106	K	127	41.97	0.0	100.0
107	P	128	5.69	0.0	100.0
108	H	129	108.54	0.0	100.0
109	I	130	16.31	0.0	100.0
110	Q	131	131.81	0.0	100.0
111	N	132	124.37	0.0	100.0
112	P	133	68.12	0.0	100.0
113	D	134	96.52	39.87	58.6924989639453
114	P	135	87.25	0.0	100.0
115	A	136	28.28	2.68	90.52333804809052
116	V	137	58.51	0.0	100.0
117	Y	138	114.6	100.78	12.059336823734725
118	Q	139	114.28	16.56	85.50927546377318
119	L	140	87.77	79.88	8.989404124416088
120	R	141	225.67	127.96	43.29773563167457
121	D	142	73.49	2.31	96.85671519934684
122	S	143	43.68	38.49	11.881868131868128
123	K	144	188.88	41.89	77.82189750105888
124	S	145	106.4	7.09	93.33646616541354
125	S	146	45.87	21.13	53.9350337911489
126	D	147	85.0	0.0	100.0
127	K	148	98.3	46.0	53.20447609359105
128	S	149	22.37	0.0	100.0
129	V	150	46.0	46.0	0.0
130	C	151	0.0	0.0	0.0
131	L	152	45.34	43.83	3.3303925893251103
132	F	153	8.44	0.0	100.0
133	T	154	13.87	10.92	21.26892573900504
134	D	155	32.85	26.55	19.178082191780824
135	F	156	1.83	0.0	100.0
136	D	157	46.61	0.0	100.0
137	S	158	10.34	0.0	100.0
138	Q	159	65.39	0.0	100.0
139	T	160	29.77	0.0	100.0
140	N	161	45.06	0.0	100.0
141	V	162	14.04	0.0	100.0
142	S	163	27.67	0.0	100.0
143	Q	164	111.99	11.07	90.11518885614787
144	S	165	32.06	0.0	100.0
145	K	166	154.73	0.0	100.0
146	D	167	86.1	0.0	100.0
147	S	168	92.7	0.0	100.0
148	D	169	70.87	0.0	100.0
149	V	170	11.97	0.0	100.0
150	Y	171	117.98	73.01	38.1166299372775
151	I	172	11.11	8.48	23.672367236723666
152	T	173	47.99	43.68	8.981037716190878
153	D	174	105.25	43.63	58.54631828978623
154	K	175	56.69	5.03	91.12718292467807
155	C	176	84.44	70.43	16.59166271909047
156	V	177	59.82	5.03	91.59144098963557
157	L	178	105.02	97.71	6.96057893734527
158	D	179	78.33	26.17	66.59006766245372
159	R	181	215.47	35.92	83.32946581890751
160	S	182	135.68	3.26	97.59728773584906
161	D	184	152.74	0.0	100.0
162	F	185	131.26	49.02	62.65427396007922
163	K	186	58.14	0.0	100.0
164	S	187	7.92	5.77	27.14646464646465
165	N	188	3.4	0.0	100.0
166	S	189	18.16	16.15	11.068281938325999
167	A	190	0.5	0.5	0.0
168	V	191	46.99	46.99	0.0
169	A	192	0.0	0.0	0.0
170	W	193	77.57	71.33	8.044347041381972
171	S	194	1.05	0.0	100.0
172	N	195	113.15	0.0	100.0
173	K	196	25.2	0.0	100.0
174	S	197	113.7	0.0	100.0
175	D	198	124.81	0.0	100.0
176	F	199	17.51	0.0	100.0
177	A	200	37.9	0.0	100.0
178	C	201	22.69	0.0	100.0
179	A	202	83.62	0.0	100.0
180	N	203	78.56	0.0	100.0
181	A	204	3.07	0.0	100.0
182	F	205	8.91	0.0	100.0
183	N	206	101.46	0.0	100.0
184	N	207	102.84	0.0	100.0
185	S	208	3.44	0.0	100.0
186	I	209	81.37	0.0	100.0
187	I	210	77.39	0.0	100.0
188	P	211	148.99	0.0	100.0
