	Residue	No	ASA	BSA	Availability
0	D	1	189.5	0.0	100.0
1	I	2	164.5	115.6	29.726443768996962
2	V	3	152.79	6.75	95.58217160808954
3	A	4	54.32	29.86	45.02945508100147
4	D	5	137.83	52.86	61.648407458463325
5	H	6	117.84	73.07	37.99219280380177
6	V	7	92.74	33.73	63.62950183308173
7	A	8	39.84	35.12	11.847389558232946
8	S	9	35.07	16.58	52.723125178215
9	Y	10	134.5	134.5	0.0
10	G	11	22.39	22.39	0.0
11	V	12	19.03	18.58	2.364687335785616
12	N	13	46.44	46.44	0.0
13	L	14	22.25	19.58	12.000000000000007
14	Y	15	38.94	17.24	55.72675911658963
15	Q	16	29.14	20.4	29.993136582017847
16	S	17	80.94	38.89	51.95206325673338
17	Y	18	125.15	34.83	72.16939672393129
18	G	19	66.23	0.0	100.0
19	P	20	83.93	0.0	100.0
20	S	21	46.35	0.0	100.0
21	G	22	28.62	0.0	100.0
22	Q	23	22.79	0.0	100.0
23	Y	24	6.98	6.85	1.8624641833811
24	S	25	1.06	0.0	100.0
25	H	26	20.57	20.57	0.0
26	E	27	10.9	0.0	100.0
27	F	28	75.68	75.36	0.4228329809725256
28	D	29	72.62	27.45	62.20049573120352
29	G	30	45.22	15.85	64.94913754975674
30	D	31	99.19	96.42	2.7926202238128806
31	E	32	18.97	13.02	31.36531365313653
32	E	33	7.36	7.36	0.0
33	F	34	1.88	1.88	0.0
34	Y	35	69.16	0.0	100.0
35	V	36	5.65	0.0	100.0
36	D	37	40.04	0.0	100.0
37	L	38	31.62	0.0	100.0
38	E	39	157.6	0.0	100.0
39	R	40	181.12	0.0	100.0
40	K	41	128.89	6.0	95.34486771665762
41	E	42	74.18	0.0	100.0
42	T	43	4.76	0.0	100.0
43	V	44	48.61	0.0	100.0
44	W	45	25.72	5.17	79.89891135303266
45	Q	46	75.61	6.82	90.98002909668033
46	L	47	102.11	80.72	20.94799725785917
47	P	48	120.52	0.84	99.3030202456024
48	L	49	117.06	39.15	66.55561250640697
49	F	50	39.46	38.21	3.1677648251393817
50	R	51	130.7	9.63	92.63198163733742
51	R	52	186.11	15.09	91.89189189189189
52	F	53	120.37	78.26	34.983799950153696
53	R	54	93.6	93.6	0.0
54	R	55	191.43	105.89	44.68474115864807
55	F	56	33.95	29.42	13.34315169366716
56	D	57	48.03	37.72	21.46575057255882
57	P	58	20.92	0.0	100.0
58	Q	59	94.96	87.78	7.561078348778426
59	F	60	134.78	134.78	0.0
60	A	61	0.0	0.0	0.0
61	L	62	36.19	15.94	55.95468361425808
62	T	63	71.42	71.42	0.0
63	N	64	58.1	58.1	0.0
64	I	65	16.72	0.0	100.0
65	A	66	58.52	37.85	35.321257689678745
66	V	67	77.74	77.74	0.0
67	L	68	49.87	49.87	0.0
68	K	69	109.56	17.68	83.86272362175976
69	H	70	113.73	108.5	4.598610744746332
70	N	71	75.54	75.54	0.0
71	L	72	50.82	49.14	3.3057851239669414
72	N	73	91.76	0.0	100.0
73	I	74	81.87	41.74	49.01673384634176
74	V	75	72.3	72.3	0.0
75	I	76	63.09	33.98	46.14043430020606
76	K	77	166.93	0.0	100.0
77	R	78	177.4	123.79	30.219842164599775
78	S	79	47.09	24.84	47.249946910172014
79	N	80	137.68	0.0	100.0
80	S	81	77.57	13.75	82.27407502900606
81	T	82	101.26	27.33	73.01007307920206
82	A	83	84.72	50.31	40.61614730878186
83	A	84	61.26	42.28	30.982696702579165
84	T	85	97.75	0.54	99.44757033248082
85	N	86	71.44	20.59	71.17861142217244
86	E	87	74.78	18.44	75.3410002674512
87	V	88	93.55	0.0	100.0
88	P	89	2.82	0.0	100.0
89	E	90	100.42	0.0	100.0
90	V	91	8.05	0.0	100.0
91	T	92	66.81	0.0	100.0
92	V	93	21.08	0.0	100.0
93	F	94	87.02	50.21	42.30062054700068
94	S	95	28.54	11.05	61.28241065171689
95	K	96	138.7	95.78	30.944484498918523
96	S	97	46.89	20.15	57.027084666240135
97	P	98	119.58	65.06	45.59290851312928
98	V	99	53.7	0.0	100.0
99	T	100	81.34	0.0	100.0
100	L	101	101.74	0.0	100.0
101	G	102	43.48	0.0	100.0
102	Q	103	98.04	0.0	100.0
103	P	104	108.67	0.0	100.0
104	N	105	12.31	0.0	100.0
105	T	106	20.56	0.0	100.0
106	L	107	0.0	0.0	100.0
107	I	108	20.43	20.43	0.0
108	C	109	0.0	0.0	0.0
109	L	110	47.67	2.0	95.80448919655969
110	V	111	0.0	0.0	95.80448919655969
111	D	112	37.34	0.0	100.0
112	N	113	26.27	3.94	85.00190331176246
113	I	114	0.0	0.0	85.00190331176246
114	F	115	60.48	58.92	2.5793650793650715
115	P	116	13.39	12.55	6.273338312173263
116	P	117	5.06	3.34	33.99209486166008
117	V	118	34.14	0.17	99.50205038078501
118	V	119	23.97	0.0	100.0
119	N	120	82.27	0.0	100.0
120	I	121	14.64	0.0	100.0
121	T	122	66.62	0.0	100.0
122	W	123	0.71	0.0	100.0
123	L	124	31.45	0.0	100.0
124	S	125	18.25	0.0	100.0
125	N	126	80.3	0.0	100.0
126	G	127	50.62	0.0	100.0
127	H	128	141.85	0.0	100.0
128	S	129	87.72	0.0	100.0
129	V	130	44.18	0.0	100.0
130	T	131	115.07	0.0	100.0
131	E	132	156.67	0.0	100.0
132	G	133	41.89	0.0	100.0
133	V	134	54.51	0.0	100.0
134	S	135	64.12	0.0	100.0
135	E	136	85.45	0.0	100.0
136	T	137	24.78	11.72	52.70379338175948
137	S	138	14.4	0.0	100.0
138	F	139	23.12	0.0	100.0
139	L	140	7.19	3.34	53.546592489568845
140	S	141	37.2	15.91	57.231182795698935
141	K	142	56.36	4.45	92.10432931156848
142	S	143	102.84	1.67	98.3761182419292
143	D	144	90.83	25.94	71.44115380380931
144	H	145	148.09	130.93	11.587548112634206
145	S	146	8.14	7.77	4.545454545454557
146	F	147	16.71	16.56	0.8976660682226338
147	F	148	40.97	13.44	67.19550890895778
148	K	149	18.12	0.0	100.0
149	I	150	32.62	32.11	1.5634580012262356
150	S	151	0.49	0.0	100.0
151	Y	152	59.37	36.63	38.3021728145528
152	L	153	3.85	0.0	100.0
153	T	154	79.33	0.0	100.0
154	F	155	21.06	0.0	100.0
155	L	156	104.22	0.0	100.0
156	P	157	0.61	0.0	100.0
157	S	158	27.14	0.0	100.0
158	A	159	96.88	0.0	100.0
159	D	160	111.88	0.0	100.0
160	E	161	56.31	0.0	100.0
161	I	162	78.09	0.0	100.0
162	Y	163	8.41	0.0	100.0
163	D	164	18.22	0.0	100.0
164	C	165	0.0	0.0	100.0
165	K	166	12.47	0.0	100.0
166	V	167	0.0	0.0	100.0
167	E	168	81.25	0.0	100.0
168	H	169	14.04	0.0	100.0
169	W	170	120.74	61.76	48.84876594334934
170	G	171	19.07	0.0	100.0
171	L	172	31.03	0.0	100.0
172	D	173	164.42	0.0	100.0
173	E	174	68.9	0.0	100.0
174	P	175	74.66	0.0	100.0
175	L	176	46.87	0.0	100.0
176	L	177	96.88	0.0	100.0
177	K	178	88.0	0.0	100.0
178	H	179	84.68	0.0	100.0
179	W	180	33.36	0.0	100.0
180	E	181	106.29	0.0	100.0
181	P	182	77.14	0.0	100.0
