	Residue	No	ASA	BSA	Availability
0	D	1	184.36	0.0	100.0
1	I	2	166.01	115.72	30.293355821938434
2	V	3	146.56	5.77	96.06304585152837
3	A	4	58.39	32.72	43.96300736427471
4	D	5	138.11	51.31	62.84845413076533
5	H	6	114.98	71.88	37.484779961732485
6	V	7	97.14	33.72	65.28721432983323
7	A	8	39.62	35.99	9.162039374053498
8	S	9	33.84	15.63	53.812056737588655
9	Y	10	130.65	130.65	0.0
10	G	11	23.24	23.24	0.0
11	V	12	19.42	19.25	0.8753861997940355
12	N	13	45.95	45.95	0.0
13	L	14	22.92	20.41	10.951134380453759
14	Y	15	39.76	16.99	57.26861167002012
15	Q	16	28.38	21.1	25.651867512332622
16	S	17	78.38	35.16	55.14161775963257
17	Y	18	125.2	34.14	72.73162939297124
18	G	19	66.48	0.0	100.0
19	P	20	88.18	0.0	100.0
20	S	21	47.43	0.0	100.0
21	G	22	28.93	0.0	100.0
22	Q	23	19.9	0.0	100.0
23	Y	24	7.16	6.74	5.865921787709496
24	S	25	1.74	0.0	100.0
25	H	26	20.97	20.97	0.0
26	E	27	10.84	0.0	100.0
27	F	28	73.47	73.15	0.4355519259561633
28	D	29	72.85	28.88	60.35689773507207
29	G	30	43.9	15.78	64.05466970387243
30	D	31	102.17	99.36	2.7503180972888344
31	E	32	22.04	14.02	36.38838475499092
32	E	33	9.12	8.88	2.6315789473684044
33	F	34	2.34	2.34	0.0
34	Y	35	70.59	0.0	100.0
35	V	36	5.53	0.0	100.0
36	D	37	39.84	0.0	100.0
37	L	38	32.0	0.0	100.0
38	E	39	157.06	0.0	100.0
39	R	40	180.39	0.0	100.0
40	K	41	126.85	6.51	94.86795427670476
41	E	42	70.41	0.0	100.0
42	T	43	7.31	0.0	100.0
43	V	44	47.95	0.0	100.0
44	W	45	27.89	5.79	79.23987092147723
45	Q	46	77.39	7.64	90.12792350432872
46	L	47	96.95	75.54	22.083548220732332
47	P	48	113.24	0.0	100.0
48	L	49	100.96	1.78	98.23692551505546
49	F	50	51.01	48.36	5.195059792197606
50	R	51	132.03	8.17	93.81201242141938
51	R	52	175.47	13.8	92.13540776201059
52	F	53	146.85	105.15	28.396322778345244
53	R	54	89.02	89.02	0.0
54	R	55	181.26	113.85	37.18967229394241
55	F	56	33.32	31.41	5.732292917166867
56	D	57	47.49	34.64	27.058328069067173
57	P	58	21.45	0.0	100.0
58	Q	59	93.77	89.55	4.500373253705875
59	F	60	135.46	135.46	0.0
60	A	61	0.0	0.0	0.0
61	L	62	36.23	15.34	57.659398288711
62	T	63	70.77	70.77	0.0
63	N	64	57.54	57.54	0.0
64	I	65	17.25	0.0	100.0
65	A	66	58.61	40.18	31.44514587954274
66	V	67	78.06	78.06	0.0
67	L	68	47.35	47.35	0.0
68	K	69	105.6	9.87	90.6534090909091
69	H	70	112.91	112.91	0.0
70	N	71	74.4	74.4	0.0
71	L	72	52.25	49.06	6.105263157894733
72	N	73	98.98	0.0	100.0
73	I	74	82.43	47.26	42.66650491325974
74	V	75	71.03	71.03	0.0
75	I	76	64.32	34.4	46.517412935323385
76	K	77	164.7	0.0	100.0
77	R	78	174.37	122.79	29.580776509720707
78	S	79	44.47	26.14	41.218799190465475
79	N	80	136.7	0.0	100.0
80	S	81	78.1	12.07	84.54545454545456
81	T	82	102.29	27.97	72.65617362401017
82	A	83	89.21	57.18	35.904046631543544
83	A	84	57.64	39.23	31.939625260235953
84	T	85	99.91	0.93	99.06916224602142
85	N	86	70.69	20.12	71.53769981609845
86	E	87	73.8	22.8	69.10569105691057
87	V	88	95.58	0.0	100.0
88	P	89	5.39	0.0	100.0
89	E	90	101.57	0.0	100.0
90	V	91	11.78	0.0	100.0
91	T	92	62.87	0.0	100.0
92	V	93	21.53	0.0	100.0
93	F	94	83.85	47.97	42.7906976744186
94	S	95	31.28	12.03	61.54092071611254
95	K	96	144.32	101.86	29.42073170731707
96	S	97	47.12	17.94	61.92699490662139
97	P	98	118.66	67.32	43.26647564469914
98	V	99	55.17	0.0	100.0
99	T	100	78.22	0.0	100.0
100	L	101	119.04	0.0	100.0
101	G	102	44.27	0.0	100.0
102	Q	103	98.77	0.0	100.0
103	P	104	107.39	0.0	100.0
104	N	105	10.97	0.0	100.0
105	T	106	21.43	1.0	95.3336444237051
106	L	107	0.0	0.0	95.3336444237051
107	I	108	19.09	19.09	0.0
108	C	109	0.0	0.0	0.0
109	L	110	45.66	3.51	92.31274638633377
110	V	111	0.0	0.0	92.31274638633377
111	D	112	34.78	0.0	100.0
112	N	113	29.7	4.3	85.52188552188552
113	I	114	0.17	0.0	100.0
114	F	115	62.12	60.41	2.7527366387636847
115	P	116	11.35	10.68	5.903083700440528
116	P	117	4.68	2.84	39.31623931623932
117	V	118	33.41	0.0	100.0
118	V	119	23.59	0.0	100.0
119	N	120	80.91	0.0	100.0
120	I	121	13.03	0.0	100.0
121	T	122	65.18	0.0	100.0
122	W	123	0.69	0.0	100.0
123	L	124	33.63	0.0	100.0
124	S	125	17.81	0.0	100.0
125	N	126	73.67	0.0	100.0
126	G	127	54.31	0.0	100.0
127	H	128	140.68	0.0	100.0
128	S	129	88.36	0.0	100.0
129	V	130	40.49	0.0	100.0
130	T	131	114.3	0.0	100.0
131	E	132	147.03	0.0	100.0
132	G	133	40.24	0.0	100.0
133	V	134	53.26	0.0	100.0
134	S	135	61.46	0.0	100.0
135	E	136	89.16	0.0	100.0
136	T	137	27.63	10.88	60.62251176257691
137	S	138	15.46	0.0	100.0
138	F	139	27.59	0.0	100.0
139	L	140	8.51	4.85	43.00822561692127
140	S	141	34.65	15.55	55.12265512265512
141	K	142	61.72	5.12	91.7044718081659
142	S	143	101.43	0.5	99.5070491964902
143	D	144	90.44	26.66	70.52189296771341
144	H	145	147.15	131.3	10.771321780496088
145	S	146	8.84	8.71	1.4705882352941064
146	F	147	15.32	15.32	0.0
147	F	148	41.98	16.1	61.64840400190567
148	K	149	15.86	0.0	100.0
149	I	150	29.94	29.77	0.5678022712090904
150	S	151	0.0	0.0	0.5678022712090904
151	Y	152	59.3	39.46	33.456998313659355
152	L	153	3.86	0.0	100.0
153	T	154	82.53	0.0	100.0
154	F	155	15.39	0.0	100.0
155	L	156	99.39	0.0	100.0
156	P	157	0.98	0.0	100.0
157	S	158	36.75	0.0	100.0
158	A	159	91.8	0.0	100.0
159	D	160	122.75	0.0	100.0
160	E	161	45.69	0.0	100.0
161	I	162	76.98	0.0	100.0
162	Y	163	5.93	0.0	100.0
163	D	164	20.76	0.0	100.0
164	C	165	0.0	0.0	100.0
165	K	166	8.37	0.0	100.0
166	V	167	0.16	0.0	100.0
167	E	168	67.82	0.0	100.0
168	H	169	13.4	0.0	100.0
169	W	170	119.86	64.18	46.45419656265643
170	G	171	19.07	0.0	100.0
171	L	172	25.85	0.0	100.0
172	D	173	163.82	0.0	100.0
173	E	174	64.83	0.0	100.0
174	P	175	79.52	0.0	100.0
175	L	176	66.65	0.0	100.0
176	L	177	97.1	0.0	100.0
177	K	178	82.29	0.0	100.0
178	H	179	87.44	0.0	100.0
179	W	180	33.95	0.0	100.0
180	E	181	107.31	0.0	100.0
181	P	182	68.74	0.0	100.0
