	Residue	No	ASA	BSA	Availability
0	D	1	172.43	2.33	98.64872701966014
1	I	2	159.42	105.35	33.91669803036005
2	V	3	149.98	5.44	96.37284971329511
3	A	4	55.98	32.98	41.08610217934977
4	D	5	138.85	52.61	62.110190853438965
5	H	6	122.91	77.61	36.856236270441784
6	V	7	95.48	33.32	65.10263929618768
7	A	8	41.09	37.57	8.566561207106359
8	S	9	33.7	16.23	51.839762611275965
9	Y	10	145.84	145.84	0.0
10	G	11	21.8	21.8	0.0
11	V	12	19.41	19.41	0.0
12	N	13	47.11	47.11	0.0
13	L	14	25.29	22.44	11.269276393831545
14	Y	15	38.95	18.19	53.299101412066754
15	Q	16	26.49	20.37	23.103057757644386
16	S	17	89.94	45.77	49.11051812319324
17	Y	18	128.65	30.76	76.09016712009328
18	G	19	71.97	0.0	100.0
19	P	20	88.66	0.0	100.0
20	S	21	41.15	0.0	100.0
21	G	22	31.22	0.0	100.0
22	Q	23	26.06	0.0	100.0
23	Y	24	10.38	10.11	2.601156069364175
24	T	25	1.0	0.0	100.0
25	H	26	20.76	20.76	0.0
26	E	27	8.82	0.0	100.0
27	F	28	79.83	77.96	2.342477765251165
28	D	29	68.81	28.08	59.191977910187475
29	G	30	45.36	17.04	62.43386243386243
30	D	31	99.83	97.13	2.704597816287692
31	E	32	22.47	10.08	55.140186915887845
32	Q	33	41.42	30.27	26.919362626750363
33	F	34	6.8	5.08	25.294117647058822
34	Y	35	65.92	0.0	100.0
35	V	36	5.09	0.0	100.0
36	D	37	41.59	0.0	100.0
37	L	38	45.81	0.0	100.0
38	G	39	78.59	0.0	100.0
39	R	40	162.56	0.0	100.0
40	K	41	121.39	0.0	100.0
41	E	42	67.95	0.0	100.0
42	T	43	28.14	0.0	100.0
43	V	44	52.7	0.0	100.0
44	W	45	56.8	4.53	92.02464788732394
45	S	46	58.03	10.99	81.0615199034982
46	L	47	95.44	85.69	10.215842414082147
47	P	48	89.9	1.0	98.88765294771969
48	V	49	123.33	42.54	65.5071758696181
49	L	50	22.18	20.17	9.062218214607746
50	R	51	143.52	0.0	100.0
51	Q	52	111.77	0.0	100.0
52	F	53	135.35	98.42	27.28481714074621
53	R	54	196.87	26.3	86.64093056331589
54	F	55	50.55	40.02	20.830860534124618
55	D	56	60.44	17.79	70.56585043017868
56	P	57	31.09	0.0	100.0
57	Q	58	83.72	21.01	74.90444338270424
58	F	59	108.94	108.94	0.0
59	A	60	0.0	0.0	0.0
60	L	61	70.61	10.05	85.76688854269933
61	T	62	69.99	60.92	12.95899414202028
62	N	63	62.31	62.31	0.0
63	I	64	14.57	0.0	100.0
64	A	65	57.15	35.63	37.65529308836395
65	V	66	90.55	90.55	0.0
66	L	67	49.9	49.9	0.0
67	K	68	106.87	7.77	92.72948442032376
68	H	69	118.89	105.51	11.25410042896795
69	N	70	74.89	74.89	0.0
70	L	71	55.31	50.63	8.46139938528295
71	N	72	83.48	0.87	98.95783421178726
72	S	73	42.63	21.27	50.105559465165385
73	L	74	90.45	90.45	0.0
74	I	75	65.38	32.54	50.22942795962068
75	K	76	167.32	0.0	100.0
76	R	77	172.61	122.8	28.856960778633923
77	S	78	49.12	30.54	37.8257328990228
78	N	79	141.93	0.0	100.0
79	S	80	80.84	14.07	82.59524987629887
80	T	81	102.89	31.16	69.71522985712897
81	A	82	91.15	46.85	48.60120680197477
82	A	83	60.95	46.45	23.789991796554553
83	T	84	101.26	0.58	99.42721706498125
84	N	85	70.88	24.19	65.87189616252822
85	E	86	68.84	16.52	76.00232423009878
86	V	87	97.42	0.0	100.0
87	P	88	3.93	0.0	100.0
88	E	89	107.75	0.0	100.0
89	V	90	7.44	0.0	100.0
90	T	91	68.67	0.0	100.0
91	V	92	24.18	0.0	100.0
92	F	93	78.7	43.89	44.23125794155019
93	S	94	29.13	13.51	53.62169584620666
94	K	95	138.61	104.34	24.72404588413535
95	S	96	49.38	21.45	56.56136087484812
96	P	97	119.29	72.28	39.408164976108644
97	V	98	66.63	0.0	100.0
98	T	99	73.49	0.0	100.0
99	L	100	111.38	0.0	100.0
100	G	101	47.73	0.0	100.0
101	Q	102	104.52	0.0	100.0
102	P	103	107.06	0.0	100.0
103	N	104	12.6	0.0	100.0
104	I	105	48.6	0.0	100.0
105	L	106	1.85	0.0	100.0
106	I	107	19.94	19.77	0.8525576730190656
107	C	108	0.0	0.0	0.8525576730190656
108	L	109	46.96	10.65	77.32112436115844
109	V	110	0.0	0.0	77.32112436115844
110	D	111	29.69	0.0	100.0
111	N	112	26.94	4.51	83.25909428359316
112	I	113	0.0	0.0	83.25909428359316
113	F	114	60.27	58.87	2.322880371660869
114	P	115	13.39	12.72	5.003734129947722
115	P	116	4.7	3.35	28.723404255319153
116	V	117	33.44	0.17	99.49162679425837
117	V	118	25.16	0.0	100.0
118	N	119	83.2	0.0	100.0
119	I	120	18.33	0.0	100.0
120	T	121	70.74	0.0	100.0
121	W	122	0.96	0.0	100.0
122	L	123	37.49	0.0	100.0
123	S	124	30.82	0.0	100.0
124	N	125	89.17	0.0	100.0
125	G	126	52.42	0.0	100.0
126	H	127	149.45	0.0	100.0
127	S	128	89.4	0.0	100.0
128	V	129	34.62	0.0	100.0
129	T	130	122.58	0.0	100.0
130	E	131	150.01	0.0	100.0
131	G	132	38.2	0.0	100.0
132	V	133	50.87	0.0	100.0
133	S	134	60.67	0.0	100.0
134	E	135	94.93	0.0	100.0
135	T	136	32.53	10.28	68.39840147556102
136	S	137	13.21	0.0	100.0
137	F	138	21.78	0.0	100.0
138	L	139	8.71	3.18	63.49024110218141
139	S	140	37.72	16.13	57.237539766702014
140	K	141	51.54	4.03	92.18083042297245
141	S	142	87.07	0.5	99.42574939703687
142	D	143	87.02	32.22	62.97402895886003
143	H	144	147.01	131.19	10.761172709339496
144	S	145	6.98	6.98	0.0
145	F	146	13.45	13.45	0.0
146	F	147	39.51	15.01	62.00961781827385
147	K	148	18.42	0.0	100.0
148	I	149	28.86	28.69	0.5890505890505827
149	S	150	0.86	0.0	100.0
150	Y	151	64.23	39.5	38.502257512066016
151	L	152	4.35	0.0	100.0
152	T	153	85.52	0.0	100.0
153	L	154	24.34	0.0	100.0
154	L	155	107.14	0.0	100.0
155	P	156	6.8	0.0	100.0
156	S	157	46.96	0.0	100.0
157	A	158	91.84	0.0	100.0
158	E	159	90.47	0.0	100.0
159	E	160	61.55	0.0	100.0
160	S	161	22.31	0.0	100.0
161	Y	162	14.33	0.0	100.0
162	D	163	23.45	0.0	100.0
163	C	164	0.15	0.0	100.0
164	K	165	14.34	0.0	100.0
165	V	166	0.0	0.0	100.0
166	E	167	74.97	0.0	100.0
167	H	168	12.21	0.0	100.0
168	W	169	124.59	58.9	52.72493779597078
169	G	170	19.51	0.0	100.0
170	L	171	29.36	0.0	100.0
171	D	172	163.45	0.0	100.0
172	K	173	69.41	0.0	100.0
173	P	174	83.13	0.0	100.0
174	L	175	54.63	0.0	100.0
175	L	176	93.93	0.0	100.0
176	K	177	84.28	0.0	100.0
177	H	178	95.36	0.0	100.0
178	W	179	29.84	0.0	100.0
179	E	180	117.42	0.0	100.0
180	P	181	75.53	0.0	100.0
