	Residue	No	ASA	BSA	Availability
0	D	1	163.45	0.0	100.0
1	S	2	97.32	47.78	50.90423345663789
2	P	3	125.75	66.42	47.18091451292246
3	E	4	144.87	28.88	80.06488575964659
4	D	5	108.83	105.3	3.243590921620878
5	F	6	138.36	116.98	15.452442902573004
6	V	7	62.29	62.29	0.0
7	Y	8	124.04	124.04	0.0
8	Q	9	62.11	61.87	0.386411205924975
9	F	10	110.31	110.31	0.0
10	K	11	106.0	89.71	15.367924528301893
11	G	12	57.49	57.49	0.0
12	C	14	46.96	44.77	4.6635434412265715
13	Y	15	94.76	68.17	28.060363022372307
14	F	16	74.51	72.94	2.107099718158646
15	T	17	57.49	30.46	47.016872499565146
16	N	18	111.72	15.22	86.37665592552811
17	G	19	38.89	0.58	98.50861403959887
18	T	20	79.96	0.0	100.0
19	E	21	138.48	0.0	100.0
20	R	22	96.89	23.16	76.09660439673857
21	V	23	16.48	0.0	100.0
22	R	24	79.79	28.44	64.35643564356435
23	L	25	0.84	0.84	0.0
24	V	26	9.24	4.84	47.61904761904762
25	T	27	2.47	0.49	80.16194331983806
26	R	28	56.73	17.57	69.02873259298431
27	Y	29	33.4	33.4	0.0
28	I	30	11.38	11.38	0.0
29	Y	31	79.29	75.04	5.3600706268129645
30	N	32	59.42	45.07	24.150117805452712
31	R	33	226.91	148.58	34.52029438984619
32	E	34	67.89	0.0	100.0
33	E	35	32.74	14.69	55.1313378130727
34	Y	36	25.93	25.93	0.0
35	A	37	0.0	0.0	0.0
36	R	38	77.01	0.0	100.0
37	F	39	0.0	0.0	100.0
38	D	40	14.79	0.74	94.99661933739013
39	S	41	29.06	0.0	100.0
40	D	42	100.19	0.0	100.0
41	V	43	70.78	0.0	100.0
42	G	44	13.37	0.0	100.0
43	V	45	40.17	0.0	100.0
44	Y	46	5.29	3.57	32.51417769376182
45	R	47	131.11	0.0	100.0
46	A	48	43.16	0.0	100.0
47	V	49	61.87	0.0	100.0
48	T	50	34.71	0.0	100.0
49	P	51	125.42	0.48	99.61728591931112
50	L	52	95.02	67.74	28.70974531677542
51	G	53	0.0	0.0	28.70974531677542
52	P	54	50.32	0.0	100.0
53	P	55	96.16	30.52	68.26123128119801
54	A	56	18.77	18.77	0.0
55	A	57	7.18	0.0	100.0
56	E	58	119.81	0.0	100.0
57	Y	59	131.15	74.27	43.37018680899733
58	W	60	50.69	50.69	0.0
59	N	61	45.42	0.0	100.0
60	S	62	84.64	0.0	100.0
61	Q	63	62.81	7.35	88.298041713103
62	K	64	113.24	0.0	100.0
63	E	65	124.71	71.98	42.282094459145206
64	V	66	36.82	36.82	0.0
65	L	67	4.18	0.0	100.0
66	E	68	96.46	59.59	38.22309765705991
67	R	69	132.89	132.89	0.0
68	T	70	1.01	0.0	100.0
69	R	71	96.66	0.0	100.0
70	A	72	43.08	33.62	21.959145775301767
71	E	73	31.53	31.53	0.0
72	L	74	32.63	0.0	100.0
73	D	75	75.76	11.57	84.72808870116155
74	T	76	92.8	75.0	19.18103448275862
75	V	77	52.15	52.15	0.0
76	C	78	0.33	0.33	0.0
77	R	79	102.78	0.0	100.0
78	H	80	106.65	40.7	61.837787154242854
79	N	81	63.23	63.23	0.0
80	Y	82	21.9	14.23	35.022831050228305
81	Q	83	94.55	0.0	100.0
82	L	84	75.62	69.41	8.21211319756679
83	E	85	63.31	56.29	11.088295687885015
84	L	86	69.92	0.0	100.0
85	R	87	171.71	30.92	81.99289499737931
86	T	88	81.23	77.4	4.71500677089745
87	T	89	42.02	39.64	5.663969538315094
88	L	90	87.11	47.15	45.87303409482264
89	Q	91	89.42	0.0	100.0
90	R	92	80.76	26.03	67.76869737493809
91	R	93	128.1	0.0	100.0
92	V	94	45.53	0.0	100.0
93	E	95	90.65	0.0	100.0
94	P	96	6.69	0.0	100.0
95	T	97	78.82	1.51	98.08424257802587
96	V	98	18.07	0.0	100.0
97	T	99	69.02	25.8	62.61953057084904
98	I	100	20.88	0.0	100.0
99	S	101	51.73	6.55	87.3381016818094
100	P	102	57.1	0.0	100.0
101	S	103	71.07	0.0	100.0
102	R	104	63.16	0.0	100.0
103	T	105	148.16	0.0	100.0
104	E	106	45.65	0.0	100.0
105	A	107	59.63	0.0	100.0
106	L	108	74.91	0.0	100.0
107	N	109	95.48	0.0	100.0
108	H	110	112.18	0.0	100.0
109	H	111	57.04	0.0	100.0
110	N	112	28.84	0.0	100.0
111	L	113	66.51	0.0	100.0
112	L	114	10.06	0.0	100.0
113	V	115	35.85	0.0	100.0
114	C	116	0.0	0.0	100.0
115	S	117	23.68	16.92	28.54729729729729
116	V	118	0.0	0.0	28.54729729729729
117	T	119	31.96	29.76	6.883604505632038
118	D	120	71.04	41.53	41.53997747747748
119	F	121	0.0	0.0	41.53997747747748
120	Y	122	36.16	24.57	32.05199115044247
121	P	123	33.83	0.0	100.0
122	A	124	28.98	0.0	100.0
123	Q	125	115.81	0.0	100.0
124	I	126	37.08	0.0	100.0
125	K	127	90.48	0.0	100.0
126	V	128	27.37	0.0	100.0
127	R	129	67.7	0.0	100.0
128	W	130	1.46	0.0	100.0
129	F	131	32.41	0.0	100.0
130	R	132	69.09	0.0	100.0
131	N	133	71.88	0.0	100.0
132	D	134	127.46	0.0	100.0
133	Q	135	133.01	0.0	100.0
134	E	136	84.91	0.0	100.0
135	E	137	49.69	0.0	100.0
136	T	138	97.21	0.0	100.0
137	T	139	146.24	0.0	100.0
138	G	140	12.27	0.0	100.0
139	V	141	47.5	0.0	100.0
140	V	142	108.03	0.0	100.0
141	S	143	63.01	0.0	100.0
142	T	144	45.01	0.0	100.0
143	P	145	111.88	0.0	100.0
144	L	146	66.55	0.0	100.0
145	I	147	62.25	22.4	64.01606425702812
146	R	148	180.56	106.64	40.9392999556934
147	N	149	55.68	55.68	0.0
148	G	150	63.86	55.62	12.903225806451616
149	D	151	88.26	37.86	57.10401087695446
150	W	152	143.94	141.01	2.0355703765457878
151	T	153	15.59	3.28	78.96087235407313
152	F	154	13.58	2.03	85.05154639175258
153	Q	155	50.67	41.55	17.998815867377154
154	I	156	22.52	0.0	100.0
155	L	157	61.84	0.0	100.0
156	V	158	12.41	0.0	100.0
157	L	160	6.11	0.0	100.0
158	E	161	127.55	0.0	100.0
159	T	163	90.95	0.0	100.0
160	P	164	25.89	0.0	100.0
161	Q	165	118.12	0.0	100.0
162	R	166	210.1	0.0	100.0
163	G	167	51.85	0.0	100.0
164	D	168	8.51	0.0	100.0
165	V	169	29.44	0.0	100.0
166	Y	170	12.16	0.0	100.0
167	T	171	12.71	0.0	100.0
168	C	172	0.0	0.0	100.0
169	H	173	28.85	0.0	100.0
170	V	174	0.0	0.0	100.0
171	E	175	59.94	0.0	100.0
172	H	176	11.14	0.0	100.0
173	P	177	75.02	0.0	100.0
174	S	178	18.84	0.0	100.0
175	L	179	25.64	0.0	100.0
176	Q	180	138.94	0.0	100.0
177	N	181	100.73	0.0	100.0
178	P	182	51.49	0.0	100.0
179	I	183	46.51	0.0	100.0
180	I	184	100.71	0.0	100.0
181	V	185	36.98	0.0	100.0
182	E	186	93.55	0.0	100.0
183	W	187	55.69	0.0	100.0
184	R	188	158.36	0.0	100.0
185	A	189	9.24	0.0	100.0
186	Q	190	172.66	0.0	100.0
