	Residue	No	ASA	BSA	Availability
0	A	1	152.38	5.34	96.49560309751935
1	P	2	136.46	76.39	44.02022570716694
2	S	3	105.59	79.56	24.651955677620986
3	G	4	76.54	28.59	62.646981970211655
4	E	5	166.53	166.53	0.0
5	G	6	75.33	75.09	0.3185981680605269
6	S	7	101.67	83.57	17.802694993606774
7	F	8	213.32	213.32	0.0
8	Q	9	162.92	69.74	57.19371470660447
9	P	10	127.75	127.75	0.0
10	S	11	115.94	115.94	0.0
11	Q	12	157.24	68.26	56.58865428644111
12	E	13	158.44	158.44	0.0
13	N	14	120.53	59.71	50.4604662739567
14	P	15	123.28	37.16	69.85723556132382
15	Q	16	124.29	0.0	100.0
