	Residue	No	ASA	BSA	Availability
0	G	1	134.92	0.0	100.0
1	A	2	91.51	15.71	82.83247732488253
2	M	3	182.83	93.83	48.6791008040256
3	K	4	172.09	79.85	53.59986053809054
4	R	5	228.08	228.08	0.0
5	H	6	167.81	98.65	41.21327692032656
6	G	7	64.15	48.13	24.97272018706158
7	L	8	185.06	185.06	0.0
8	D	9	113.94	65.53	42.48727400386168
9	N	10	143.89	143.89	0.0
10	Y	11	190.51	172.57	9.416828512938952
11	R	12	240.88	124.3	48.39754234473597
12	G	13	64.85	59.77	7.833461835003843
13	Y	14	196.3	59.68	69.59755476311767
14	S	15	90.99	33.18	63.53445433564128
15	L	16	148.59	0.0	100.0
16	G	17	123.05	0.0	100.0
