	Residue	No	ASA	BSA	Availability
0	D	1	138.46	6.46	95.33439260436226
1	I	2	150.97	106.31	29.582036166125718
2	E	3	165.41	4.82	97.08602865606674
3	A	4	67.88	35.4	47.8491455509723
4	D	5	130.15	50.65	61.08336534767575
5	H	6	116.63	73.18	37.25456572065505
6	V	7	64.83	34.15	47.32376985963288
7	G	8	31.13	31.13	0.0
8	F	9	82.75	47.53	42.561933534743204
9	Y	10	140.89	140.89	0.0
10	G	11	24.94	24.94	0.0
11	T	12	20.52	20.18	1.6569200779727087
12	T	13	26.88	26.88	0.0
13	V	14	33.62	25.09	25.371802498512785
14	Y	15	27.19	18.16	33.21073924236852
15	Q	16	27.79	26.59	4.318100035984164
16	S	17	68.12	37.92	44.33352906635349
17	P	18	119.46	40.55	66.05558345889838
18	G	19	62.22	0.0	100.0
19	D	20	91.02	0.0	100.0
20	I	21	72.84	0.5	99.31356397583745
21	G	22	18.52	0.0	100.0
22	Q	23	24.88	0.0	100.0
23	Y	24	8.68	7.98	8.06451612903225
24	T	25	1.73	0.0	100.0
25	H	26	23.09	23.09	0.0
26	E	27	4.8	0.0	100.0
27	F	28	80.08	79.3	0.9740259740259753
28	D	29	69.36	31.33	54.82987312572087
29	G	30	47.17	15.89	66.31333474666101
30	D	31	101.04	98.58	2.4346793349168725
31	E	32	14.62	10.09	30.984952120383035
32	L	33	39.11	39.11	0.0
33	F	34	3.44	3.44	0.0
34	Y	35	73.44	0.0	100.0
35	V	36	2.96	0.0	100.0
36	D	37	30.5	0.0	100.0
37	L	38	50.02	0.0	100.0
38	D	39	136.04	0.0	100.0
39	K	40	141.51	0.0	100.0
40	K	41	115.63	20.76	82.04618178673354
41	K	42	122.0	0.0	100.0
42	T	43	25.11	0.0	100.0
43	V	44	50.2	0.0	100.0
44	W	45	50.44	7.03	86.06264869151467
45	R	46	70.9	40.6	42.73624823695346
46	L	47	77.81	53.81	30.844364477573578
47	P	48	91.52	0.0	100.0
48	E	49	105.62	9.92	90.60783942435144
49	F	50	90.75	85.54	5.7410468319559165
50	G	51	11.76	0.0	100.0
51	Q	52	128.63	0.0	100.0
52	L	53	145.9	37.3	74.4345442083619
53	I	54	118.6	118.6	0.0
54	L	55	123.1	42.19	65.72705117790414
55	F	56	42.56	42.56	0.0
56	E	57	118.57	89.55	24.474993674622585
57	P	58	33.71	0.0	100.0
58	Q	59	100.01	76.89	23.117688231176885
59	G	60	38.3	32.02	16.396866840731057
60	G	61	0.0	0.0	16.396866840731057
61	L	62	34.4	13.39	61.075581395348834
62	Q	63	114.42	114.42	0.0
63	N	64	56.55	56.55	0.0
64	I	65	17.8	0.0	100.0
65	A	66	61.24	48.01	21.603527106466366
66	A	67	54.62	54.62	0.0
67	E	68	56.96	56.96	0.0
68	K	69	110.24	1.34	98.78447024673439
69	H	70	122.02	111.52	8.605146697262745
70	N	71	66.81	66.81	0.0
71	L	72	54.13	45.95	15.111767966007758
72	G	73	44.34	0.0	100.0
73	I	74	65.58	42.04	35.895089966453185
74	L	75	88.11	83.58	5.1413006469186255
75	T	76	50.33	32.75	34.929465527518374
76	K	77	142.97	0.0	100.0
77	R	78	161.91	78.99	51.213637205855115
78	S	79	39.99	29.25	26.85671417854464
79	N	80	136.97	0.0	100.0
80	F	81	138.87	34.08	75.45906243249082
81	T	82	101.53	34.44	66.0789914311041
82	P	83	116.17	61.32	47.215287940087805
83	A	84	60.19	43.03	28.5097192224622
84	T	85	100.71	0.0	100.0
85	N	86	68.4	0.0	100.0
86	E	87	79.02	24.49	69.00784611490762
87	A	88	44.95	0.0	100.0
88	P	89	12.48	0.0	100.0
89	Q	90	109.13	0.0	100.0
90	A	91	15.7	0.0	100.0
91	T	92	69.16	0.0	100.0
92	V	93	15.68	0.0	100.0
93	F	94	78.6	42.83	45.5089058524173
94	P	95	41.12	9.32	77.33463035019456
95	K	96	134.56	93.94	30.187277051129612
96	S	97	52.79	24.21	54.13904148512976
97	P	98	116.43	75.56	35.102636777462855
98	V	99	50.0	0.0	100.0
99	L	100	110.85	0.0	100.0
100	L	101	128.73	0.0	100.0
101	G	102	45.47	0.0	100.0
102	Q	103	100.24	0.0	100.0
103	P	104	107.11	0.0	100.0
104	N	105	9.76	0.0	100.0
105	T	106	21.29	0.0	100.0
106	L	107	0.0	0.0	100.0
107	I	108	18.42	18.42	0.0
108	C	109	0.0	0.0	0.0
109	F	110	53.83	0.78	98.55099386958945
110	V	111	0.0	0.0	98.55099386958945
111	D	112	37.99	0.0	100.0
112	N	113	34.08	2.45	92.81103286384976
113	I	114	0.0	0.0	92.81103286384976
114	F	115	68.38	65.72	3.8900263234863943
115	P	116	16.81	15.79	6.067816775728731
116	P	117	15.07	7.22	52.09024552090246
117	V	118	40.0	0.0	100.0
118	I	119	19.63	0.0	100.0
119	N	120	89.27	0.0	100.0
120	I	121	15.53	0.0	100.0
121	T	122	53.67	0.0	100.0
122	W	123	2.2	0.0	100.0
123	L	124	29.36	0.0	100.0
124	R	125	82.21	0.0	100.0
125	N	126	72.7	0.0	100.0
126	S	127	100.34	0.0	100.0
127	K	128	141.13	0.0	100.0
128	S	129	71.68	0.0	100.0
129	V	130	23.66	0.0	100.0
130	T	131	114.75	0.0	100.0
131	D	132	117.09	0.0	100.0
132	G	133	48.33	0.0	100.0
133	V	134	55.79	0.0	100.0
134	Y	135	92.93	0.0	100.0
135	E	136	67.29	0.0	100.0
136	T	137	4.35	2.18	49.88505747126436
137	S	138	18.28	0.0	100.0
138	F	139	35.34	0.0	100.0
139	L	140	13.17	2.68	79.65072133637054
140	V	141	28.09	15.24	45.745817016731934
141	N	142	32.57	5.78	82.25360761436905
142	R	143	173.35	0.0	100.0
143	D	144	97.61	25.41	73.96783116483967
144	H	145	146.79	121.61	17.153757067920154
145	S	146	8.31	8.2	1.323706377858017
146	F	147	11.88	11.1	6.565656565656575
147	H	148	34.71	4.08	88.24546240276578
148	K	149	14.48	0.0	100.0
149	L	150	30.62	24.09	21.325930764206404
150	S	151	0.25	0.0	100.0
151	Y	152	43.14	31.58	26.79647658785351
152	L	153	4.02	0.0	100.0
153	T	154	76.51	0.0	100.0
154	F	155	14.63	0.0	100.0
155	I	156	85.6	0.0	100.0
156	P	157	2.39	0.0	100.0
157	S	158	26.81	0.0	100.0
158	D	159	66.17	0.0	100.0
159	D	160	125.33	0.0	100.0
160	D	161	32.93	0.0	100.0
161	I	162	63.03	0.0	100.0
162	Y	163	2.71	0.0	100.0
163	D	164	18.96	0.0	100.0
164	C	165	0.29	0.0	100.0
165	K	166	58.11	0.0	100.0
166	V	167	2.69	0.0	100.0
167	E	168	51.96	0.0	100.0
168	H	169	18.5	0.0	100.0
169	W	170	147.31	30.35	79.39718960016292
170	G	171	26.05	0.0	100.0
171	L	172	30.41	0.0	100.0
172	E	173	184.62	0.0	100.0
173	E	174	128.4	0.0	100.0
174	P	175	53.13	0.0	100.0
175	V	176	54.51	0.0	100.0
176	L	177	86.97	0.0	100.0
177	K	178	89.02	0.0	100.0
178	H	179	105.69	0.0	100.0
179	W	180	40.68	0.0	100.0
180	S	181	15.38	0.0	100.0
181	S	182	31.25	0.0	100.0
182	A	183	58.33	0.0	100.0
183	D	184	177.02	14.4	91.86532595186985
