	Residue	No	ASA	BSA	Availability
0	G	1	134.92	0.0	100.0
1	A	2	91.51	15.71	82.83247732488253
2	M	3	182.83	149.51	18.2245802111251
3	K	4	172.09	130.05	24.42907780812365
4	R	5	228.08	228.08	0.0
5	H	6	167.81	167.81	0.0
6	G	7	64.15	59.95	6.5471551052221395
7	L	8	185.06	185.06	0.0
8	D	9	113.94	113.94	0.0
9	N	10	143.89	143.89	0.0
10	Y	11	190.51	190.51	0.0
11	R	12	240.88	240.88	0.0
12	G	13	64.85	64.85	0.0
13	Y	14	196.3	70.48	64.09577177789099
14	S	15	90.99	57.02	37.33377294208154
15	L	16	148.59	2.29	98.45884649034255
16	G	17	123.05	34.85	71.67817960178789
