	Residue	No	ASA	BSA	Availability
0	R	1	247.99	58.21	76.52727932577926
1	H	2	176.84	115.48	34.698032119429996
2	F	3	136.72	117.28	14.218841427735516
3	V	4	75.27	75.27	0.0
4	H	5	111.53	111.53	0.0
5	Q	6	64.3	64.3	0.0
6	F	7	116.81	116.81	0.0
7	K	8	98.88	94.89	4.035194174757276
8	G	9	52.31	52.31	0.0
9	E	10	40.43	32.59	19.391540934949287
10	C	11	46.89	46.89	0.0
11	Y	12	99.16	88.47	10.780556676079062
12	F	13	67.44	67.44	0.0
13	T	14	87.9	40.99	53.36746302616609
14	N	15	114.65	15.05	86.87309201918883
15	G	16	27.0	5.73	78.77777777777779
16	T	17	37.29	0.0	100.0
17	Q	18	152.24	0.0	100.0
18	R	19	123.72	0.0	100.0
19	I	20	15.52	0.0	100.0
20	R	21	79.61	37.82	52.493405351086544
21	L	22	9.7	8.71	10.206185567010294
22	V	23	0.17	0.0	100.0
23	T	24	10.04	2.65	73.60557768924302
24	R	25	52.52	21.49	59.08225437928408
25	Y	26	41.93	41.93	0.0
26	I	27	15.22	15.22	0.0
27	Y	28	76.12	72.68	4.519180241723591
28	N	29	62.7	50.4	19.617224880382782
29	R	30	220.43	149.29	32.27328403574832
30	E	31	75.08	0.0	100.0
31	E	32	31.15	11.99	61.50882825040127
32	Y	33	24.62	21.09	14.337936636880588
33	L	34	0.0	0.0	14.337936636880588
34	R	35	69.52	0.0	100.0
35	F	36	2.66	0.0	100.0
36	D	37	10.95	0.0	100.0
37	S	38	28.16	0.0	100.0
38	D	39	79.36	0.0	100.0
39	V	40	66.43	0.0	100.0
40	G	41	16.21	0.0	100.0
41	E	42	58.01	0.0	100.0
42	Y	43	5.16	3.44	33.333333333333336
43	R	44	118.54	0.0	100.0
44	A	45	37.49	0.0	100.0
45	V	46	67.69	0.0	100.0
46	T	47	42.7	0.0	100.0
47	E	48	130.82	0.0	100.0
48	L	49	103.87	81.25	21.777221526908637
49	G	50	0.0	0.0	21.777221526908637
50	R	51	136.25	0.0	100.0
51	H	52	130.69	0.14	99.89287627209428
52	S	53	35.13	24.22	31.056077426700835
53	A	54	10.88	0.0	100.0
54	E	55	105.14	0.0	100.0
55	Y	56	113.55	74.13	34.71598414795245
56	Y	57	47.54	47.54	0.0
57	N	58	32.86	0.0	100.0
58	K	59	158.14	0.0	100.0
59	Q	60	95.08	42.79	54.995793016407234
60	Y	61	99.75	99.75	0.0
61	L	62	32.54	0.0	100.0
62	E	63	152.09	99.81	34.37438358866461
63	R	64	178.88	178.88	0.0
64	T	65	8.4	6.56	21.904761904761912
65	R	66	128.93	22.86	82.26944853796634
66	A	67	41.42	39.07	5.673587638821828
67	E	68	64.93	64.93	0.0
68	L	69	27.29	0.0	100.0
69	D	70	62.64	26.58	57.567049808429125
70	T	71	88.24	88.24	0.0
71	A	72	42.84	42.84	0.0
72	C	73	1.33	1.33	0.0
73	R	74	86.41	31.3	63.777340585580376
74	H	75	91.04	91.04	0.0
75	N	76	70.41	70.41	0.0
76	Y	77	36.25	22.96	36.66206896551724
77	E	78	79.46	3.69	95.35615403976844
78	E	79	110.39	65.61	40.56526859316968
79	T	80	52.86	52.86	0.0
80	E	81	62.35	62.35	0.0
81	V	82	55.1	0.0	100.0
82	P	83	51.38	9.12	82.24990268587
83	T	84	86.11	85.32	0.9174311926605578
84	S	85	25.87	24.34	5.914186316196371
85	L	86	102.15	40.17	60.675477239353896
86	R	87	157.17	0.0	100.0
87	R	88	74.93	36.69	51.03429867876685
88	L	89	96.58	0.0	100.0
89	E	90	60.44	0.0	100.0
90	Q	91	104.19	0.0	100.0
91	P	92	11.29	0.0	100.0
92	N	93	84.2	10.74	87.24465558194775
93	V	94	22.31	0.0	100.0
94	A	95	57.99	17.88	69.16709777547852
95	I	96	26.24	0.0	100.0
96	S	97	53.79	0.0	100.0
97	L	98	78.66	0.0	100.0
98	S	99	22.83	0.0	100.0
99	R	100	239.06	14.17	94.0726177528654
100	H	101	169.38	0.0	100.0
101	N	102	49.68	0.0	100.0
102	T	103	20.53	0.0	100.0
103	L	104	0.0	0.0	100.0
104	V	105	37.51	0.0	100.0
105	C	106	0.0	0.0	100.0
106	S	107	28.25	16.57	41.34513274336283
107	V	108	0.0	0.0	41.34513274336283
108	T	109	27.44	26.1	4.8833819241982495
109	D	110	61.32	36.29	40.81865622961514
110	F	111	0.0	0.0	40.81865622961514
111	Y	112	40.84	28.38	30.50930460333008
112	P	113	42.97	0.0	100.0
113	A	114	33.3	0.0	100.0
114	K	115	147.25	0.0	100.0
115	I	116	37.1	0.0	100.0
116	K	117	121.64	0.0	100.0
117	V	118	30.89	0.0	100.0
118	R	119	105.3	0.0	100.0
119	W	120	2.06	0.0	100.0
120	F	121	38.65	0.0	100.0
121	R	122	55.08	0.0	100.0
122	N	123	80.02	0.0	100.0
123	G	124	56.71	0.0	100.0
124	Q	125	117.67	0.0	100.0
125	E	126	88.83	0.0	100.0
126	E	127	47.74	0.0	100.0
127	T	128	115.22	0.0	100.0
128	V	129	116.88	0.0	100.0
129	G	130	47.92	0.0	100.0
130	V	131	39.28	0.0	100.0
131	S	132	56.42	0.0	100.0
132	S	133	67.92	0.0	100.0
133	T	134	54.69	0.0	100.0
134	Q	135	167.12	0.0	100.0
135	L	136	82.45	0.0	100.0
136	I	137	58.73	18.91	67.80180486974288
137	R	138	184.23	82.37	55.28958367258318
138	N	139	57.23	57.23	0.0
139	G	140	57.46	46.24	19.52662721893491
140	D	141	97.54	74.71	23.405782243182298
141	W	142	135.1	134.0	0.8142116950407063
142	T	143	16.74	3.13	81.30227001194743
143	F	144	6.88	0.63	90.84302325581396
144	Q	145	44.55	34.55	22.44668911335578
145	V	146	10.21	0.0	100.0
146	L	147	56.24	0.0	100.0
147	V	148	5.02	0.0	100.0
148	M	149	36.91	0.0	100.0
149	L	150	0.67	0.0	100.0
150	E	151	91.77	0.0	100.0
151	M	152	9.52	0.0	100.0
152	T	153	62.78	0.0	100.0
153	P	154	61.43	0.0	100.0
154	H	155	119.95	0.0	100.0
155	Q	156	186.2	0.0	100.0
156	G	157	73.9	0.0	100.0
157	E	158	29.76	0.0	100.0
158	V	159	51.38	0.0	100.0
159	Y	160	2.2	0.0	100.0
160	T	161	19.56	0.0	100.0
161	C	162	0.17	0.0	100.0
162	H	163	28.99	0.0	100.0
163	V	164	0.0	0.0	100.0
164	E	165	54.17	0.0	100.0
165	H	166	14.45	0.0	100.0
166	P	167	57.0	0.0	100.0
167	S	168	12.67	0.0	100.0
168	L	169	18.5	0.0	100.0
169	K	170	182.62	0.0	100.0
170	S	171	84.41	0.0	100.0
171	P	172	62.89	0.0	100.0
172	I	173	41.99	0.0	100.0
173	T	174	77.26	0.0	100.0
174	V	175	40.33	0.0	100.0
175	E	176	115.44	0.0	100.0
176	W	177	66.42	0.0	100.0
177	S	178	115.08	0.0	100.0
