	Residue	No	ASA	BSA	Availability
0	P	3	111.98	0.0	100.0
1	V	4	15.33	0.0	100.0
2	E	5	114.91	0.0	100.0
3	Q	6	13.84	0.0	100.0
4	N	7	85.73	0.0	100.0
5	P	8	33.65	0.0	100.0
6	P	9	98.52	0.0	100.0
7	A	10	50.82	0.0	100.0
8	L	11	29.4	0.0	100.0
9	S	12	60.22	0.0	100.0
10	L	13	18.54	0.0	100.0
11	Y	14	70.26	0.0	100.0
12	E	15	50.13	0.0	100.0
13	G	16	38.36	0.0	100.0
14	A	17	41.73	0.0	100.0
15	D	18	67.02	0.0	100.0
16	S	19	25.34	0.0	100.0
17	G	20	31.82	0.0	100.0
18	L	21	8.94	0.0	100.0
19	R	22	164.34	0.0	100.0
20	C	23	0.29	0.0	100.0
21	N	24	77.26	0.0	100.0
22	F	25	15.79	0.0	100.0
23	S	26	83.25	6.5	92.1921921921922
24	T	27	63.91	56.39	11.766546706305737
25	T	28	71.29	71.29	0.0
26	M	29	5.58	0.89	84.05017921146954
27	K	37	126.35	126.35	0.0
28	S	38	9.81	6.41	34.65851172273191
29	V	39	0.63	0.0	100.0
30	Q	40	45.1	38.89	13.76940133037694
31	W	41	0.16	0.0	100.0
32	F	42	17.2	17.2	0.0
33	Q	43	31.67	0.0	100.0
34	Q	44	56.47	34.69	38.569151761997524
35	N	45	54.36	0.0	100.0
36	H	46	154.92	9.99	93.55151045701007
37	R	47	187.92	29.72	84.18475947211579
38	G	48	46.16	21.59	53.22790294627383
39	R	49	136.54	27.45	79.89600117181777
40	L	50	75.93	63.81	15.962070327933628
41	I	51	65.05	0.0	100.0
42	T	52	75.29	15.9	78.8816575906495
43	L	53	36.85	0.0	100.0
44	F	54	12.11	0.0	100.0
45	Y	55	113.99	83.82	26.46723396789192
46	L	56	0.84	0.84	0.0
47	A	57	56.22	56.22	0.0
48	Q	58	142.53	75.97	46.698940573914264
49	G	64	39.41	0.0	100.0
50	T	65	80.5	0.0	100.0
51	K	66	98.53	21.48	78.1995331371156
52	E	67	112.81	0.0	100.0
53	N	68	100.68	0.0	100.0
54	G	74	67.45	0.0	100.0
55	R	75	89.59	0.0	100.0
56	L	76	32.3	0.0	100.0
57	K	77	94.48	0.0	100.0
58	S	78	0.34	0.0	100.0
59	T	79	36.98	0.0	100.0
60	F	80	8.2	0.0	100.0
61	N	81	37.98	0.0	100.0
62	S	82	35.59	25.77	27.592020230401804
63	K	83	169.02	50.34	70.21654242101526
64	E	84	121.99	0.0	100.0
65	R	85	94.54	34.6	63.40173471546435
66	Y	86	74.42	0.0	100.0
67	S	87	0.0	0.0	100.0
68	T	88	38.21	0.0	100.0
69	L	89	2.51	0.0	100.0
70	H	90	71.72	0.0	100.0
71	I	91	9.21	0.0	100.0
72	K	92	113.58	0.0	100.0
73	D	93	57.6	0.0	100.0
74	A	94	0.17	0.0	100.0
75	Q	95	53.0	0.0	100.0
76	L	96	43.46	0.0	100.0
77	E	97	121.46	0.0	100.0
78	D	98	14.34	0.0	100.0
79	S	99	19.61	0.0	100.0
80	G	100	4.91	0.0	100.0
81	T	101	32.87	2.51	92.36385762093094
82	Y	102	14.2	0.0	100.0
83	F	103	41.64	39.94	4.082612872238239
84	C	104	0.0	0.0	4.082612872238239
85	A	105	0.0	0.0	4.082612872238239
86	A	106	0.0	0.0	4.082612872238239
87	E	107	46.99	46.99	0.0
88	D	108	19.0	2.88	84.84210526315789
89	G	109	30.01	28.78	4.098633788737089
90	G	110	71.86	71.86	0.0
91	S	112	70.85	47.69	32.688779110797455
92	G	113	48.3	48.3	0.0
93	N	114	90.99	90.99	0.0
94	K	115	120.12	91.98	23.426573426573427
95	L	116	86.85	76.01	12.481289579735163
96	I	117	41.82	11.21	73.19464371114299
97	F	118	82.04	64.07	21.903949293027804
98	G	119	11.1	9.94	10.450450450450452
99	T	120	115.86	44.07	61.96271361988607
100	G	121	4.42	2.18	50.678733031674206
101	T	122	0.25	0.0	100.0
102	L	123	93.71	0.0	100.0
103	L	124	7.81	0.0	100.0
104	S	125	46.92	0.0	100.0
105	V	126	9.96	0.0	100.0
106	K	127	44.8	0.0	100.0
107	P	128	4.47	0.0	100.0
108	N	129	91.21	0.0	100.0
109	I	130	30.07	0.0	100.0
110	Q	131	158.67	0.0	100.0
111	N	132	118.2	0.0	100.0
112	P	133	60.41	0.0	100.0
113	E	134	115.29	27.26	76.35527799462226
114	P	135	81.46	0.0	100.0
115	A	136	26.41	5.35	79.74252177205605
116	V	137	99.5	0.0	100.0
117	Y	138	109.18	94.92	13.061000183183738
118	Q	139	102.63	9.93	90.3244665302543
119	L	140	84.33	82.82	1.7905846080872823
120	K	141	144.66	21.61	85.06152357251486
121	D	142	66.66	56.39	15.4065406540654
122	P	143	132.14	51.51	61.01861661873771
123	R	144	222.05	11.94	94.62283269533889
124	S	145	49.82	0.0	100.0
125	Q	146	182.0	0.0	100.0
126	D	147	127.28	0.0	100.0
127	S	148	39.49	10.81	72.62598126107875
128	T	149	75.47	3.36	95.54789982774614
129	L	150	72.33	63.79	11.806995714088206
130	C	151	54.69	0.0	100.0
131	L	152	49.86	49.86	0.0
132	F	153	47.85	0.0	100.0
133	T	154	20.72	20.72	0.0
134	D	155	54.61	32.71	40.10254532136971
135	F	156	0.47	0.0	100.0
136	D	157	32.02	0.0	100.0
137	S	158	0.33	0.0	100.0
138	Q	159	124.88	0.0	100.0
139	I	160	81.81	0.0	100.0
140	N	161	138.5	0.0	100.0
141	V	162	23.75	0.0	100.0
142	P	163	90.23	0.0	100.0
143	K	164	176.15	0.0	100.0
144	T	165	53.71	0.0	100.0
145	M	166	163.28	0.0	100.0
146	E	167	95.44	0.0	100.0
147	S	168	110.18	0.0	100.0
148	G	169	60.95	0.24	99.60623461853977
149	T	170	59.36	0.0	100.0
150	F	171	145.72	67.55	53.64397474608838
151	I	172	59.65	5.43	90.89689857502096
152	T	173	64.02	49.82	22.180568572321143
153	D	174	124.8	28.02	77.54807692307692
154	K	175	53.69	0.0	100.0
155	C	176	104.46	81.51	21.970132107983908
156	V	177	54.06	7.08	86.90344062153163
157	L	178	100.75	96.44	4.277915632754345
158	D	179	70.73	23.16	67.25576134596352
159	M	180	122.62	102.77	16.188223780786178
160	K	181	203.86	23.26	88.59020896693809
161	A	182	77.17	1.67	97.83594661137748
162	M	183	142.74	0.24	99.83186212694409
163	D	184	94.01	0.0	100.0
164	S	185	26.38	18.75	28.923426838514022
165	K	186	58.71	0.0	100.0
166	S	187	16.09	13.08	18.707271597265382
167	N	188	4.25	4.25	0.0
168	G	189	7.55	7.43	1.5894039735099352
169	A	190	3.18	0.0	100.0
170	I	191	67.42	57.6	14.565410857312369
171	A	192	50.43	0.0	100.0
