	Residue	No	ASA	BSA	Availability
0	A	3	79.29	0.0	100.0
1	V	4	11.24	0.0	100.0
2	T	5	76.14	0.0	100.0
3	Q	6	8.51	0.0	100.0
4	S	7	60.67	0.0	100.0
5	P	8	44.88	0.0	100.0
6	R	9	123.27	18.64	84.87872150563803
7	S	10	25.86	0.0	100.0
8	K	11	44.91	0.0	100.0
9	V	12	5.98	0.0	100.0
10	A	13	10.05	0.0	100.0
11	V	14	56.93	0.0	100.0
12	T	15	44.87	0.0	100.0
13	G	16	49.84	0.0	100.0
14	G	17	23.83	0.0	100.0
15	K	18	131.13	0.0	100.0
16	V	19	2.0	0.0	100.0
17	T	20	60.4	0.0	100.0
18	L	21	2.68	0.0	100.0
19	S	22	48.88	0.0	100.0
20	C	23	2.57	0.0	100.0
21	H	24	77.59	0.0	100.0
22	Q	25	0.12	0.0	100.0
23	T	26	102.06	0.0	100.0
24	N	27	40.93	0.0	100.0
25	N	28	86.02	39.05	54.60358056265985
26	H	29	16.29	0.0	100.0
27	D	37	60.13	46.75	22.25178779311492
28	Y	38	36.04	35.66	1.0543840177580537
29	M	39	0.0	0.0	1.0543840177580537
30	Y	40	19.54	1.72	91.19754350051178
31	W	41	0.15	0.0	100.0
32	Y	42	34.77	34.66	0.3163646821973153
33	R	43	22.25	0.0	100.0
34	Q	44	68.7	45.63	33.58078602620087
35	D	45	21.29	0.0	100.0
36	T	46	132.97	0.0	100.0
37	G	47	81.1	19.32	76.17755856966708
38	H	48	106.88	40.24	62.350299401197596
39	G	49	37.13	36.47	1.7775383786695493
40	L	50	73.62	70.57	4.142895952186921
41	R	51	83.54	0.0	100.0
42	L	52	35.4	33.09	6.5254237288135455
43	I	53	0.0	0.0	6.5254237288135455
44	H	54	8.12	0.0	100.0
45	Y	55	66.09	66.09	0.0
46	S	56	0.0	0.0	0.0
47	Y	57	95.06	90.79	4.491899852724591
48	V	58	77.42	6.16	92.04339963833635
49	A	63	48.98	0.0	100.0
50	D	64	121.37	0.0	100.0
51	S	65	25.84	3.49	86.49380804953562
52	T	66	50.76	1.11	97.81323877068559
53	E	67	57.59	38.8	32.627192220871684
54	K	68	156.45	6.45	95.87727708533077
55	G	69	17.5	6.76	61.371428571428574
56	D	70	113.0	40.31	64.32743362831859
57	I	71	45.33	0.0	100.0
58	P	72	21.81	0.0	100.0
59	D	74	117.22	0.0	100.0
60	G	75	52.98	0.0	100.0
61	Y	76	12.17	0.0	100.0
62	K	77	118.69	0.0	100.0
63	A	78	16.69	0.0	100.0
64	S	79	46.17	0.0	100.0
65	R	80	5.14	0.0	100.0
66	P	81	67.82	0.0	100.0
67	S	83	42.44	0.0	100.0
68	Q	84	48.73	2.92	94.00779807100349
69	E	85	62.91	0.0	100.0
70	N	86	43.95	0.0	100.0
71	F	87	0.14	0.0	100.0
72	S	88	18.95	0.0	100.0
73	L	89	0.0	0.0	100.0
74	I	90	19.95	0.0	100.0
75	L	91	0.17	0.0	100.0
76	E	92	70.23	0.0	100.0
77	L	93	135.46	0.0	100.0
78	A	94	4.17	0.0	100.0
79	S	95	36.36	0.0	100.0
80	L	96	105.44	0.0	100.0
81	S	97	89.11	0.0	100.0
82	Q	98	17.87	0.0	100.0
83	T	99	57.1	0.0	100.0
84	A	100	9.17	0.0	100.0
85	V	101	39.68	0.33	99.16834677419355
86	Y	102	0.0	0.0	99.16834677419355
87	F	103	43.54	42.91	1.4469453376205845
88	C	104	0.0	0.0	1.4469453376205845
89	A	105	0.0	0.0	1.4469453376205845
90	S	106	0.0	0.0	1.4469453376205845
91	S	107	0.0	0.0	1.4469453376205845
92	W	108	130.72	130.72	0.0
93	D	109	78.81	78.81	0.0
94	R	110	176.66	176.66	0.0
95	A	112	57.74	57.74	0.0
96	G	113	31.76	31.03	2.298488664987407
97	N	114	143.38	85.64	40.27060956897754
98	T	115	38.04	15.56	59.09568874868558
99	L	116	44.26	42.42	4.157252598282866
100	Y	117	118.55	2.65	97.76465626318009
101	F	118	90.81	63.06	30.558308556326395
102	G	119	15.07	6.99	53.61645653616457
103	E	120	67.99	24.72	63.64171201647301
104	G	121	3.85	0.0	100.0
105	S	122	1.16	0.0	100.0
106	R	123	66.34	0.0	100.0
107	L	124	1.33	0.0	100.0
108	I	125	12.55	0.0	100.0
109	V	126	11.9	0.0	100.0
110	V	127	12.38	0.0	100.0
111	E	128	118.37	0.0	100.0
112	D	129	55.9	0.0	100.0
113	L	130	27.93	0.0	100.0
114	R	131	189.39	0.0	100.0
115	N	132	42.84	0.0	100.0
116	V	133	16.81	0.0	100.0
117	T	134	48.62	0.0	100.0
118	P	135	82.83	0.0	100.0
119	P	136	23.17	0.0	100.0
120	K	137	149.65	0.0	100.0
121	V	138	64.77	0.0	100.0
122	S	139	48.29	22.31	53.799958583557675
123	L	140	68.66	31.79	53.69938829012525
124	F	141	112.11	105.71	5.708678976005714
125	E	142	135.94	55.69	59.033397086950124
126	P	143	22.79	4.45	80.47389205792014
127	S	144	63.08	47.18	25.20608750792644
128	K	145	176.34	0.0	100.0
129	A	146	60.24	13.33	77.8718459495352
130	E	147	30.4	30.27	0.42763157894736514
131	I	148	20.04	0.0	100.0
132	A	149	67.07	0.0	100.0
133	N	150	113.36	3.58	96.84191954834156
134	K	151	124.2	97.96	21.127214170692437
135	Q	152	106.22	0.0	100.0
136	K	153	96.59	43.56	54.90216378507091
137	A	154	0.0	0.0	54.90216378507091
138	T	155	23.6	23.6	0.0
139	L	156	1.81	0.0	100.0
140	V	157	52.13	52.13	0.0
141	C	158	0.0	0.0	0.0
142	L	159	43.84	15.89	63.75456204379562
143	A	160	0.0	0.0	63.75456204379562
144	R	161	117.86	20.23	82.8355676226031
145	G	162	27.11	0.0	100.0
146	F	163	0.0	0.0	100.0
147	F	164	17.07	0.0	100.0
148	P	165	0.84	0.0	100.0
149	D	166	38.99	0.0	100.0
150	H	167	11.59	0.0	100.0
151	V	168	13.28	0.0	100.0
152	E	169	79.08	2.07	97.38239757207892
153	L	170	24.91	0.0	100.0
154	S	171	25.07	0.0	100.0
155	W	172	1.47	0.0	100.0
156	W	173	72.11	0.0	100.0
157	V	174	19.53	0.0	100.0
158	N	175	73.77	0.0	100.0
159	G	176	39.97	0.0	100.0
160	K	177	153.57	0.0	100.0
161	E	178	81.89	0.0	100.0
162	V	179	42.49	0.0	100.0
163	H	180	145.91	0.0	100.0
164	S	181	100.84	47.92	52.479174930583106
165	G	182	43.44	42.57	2.002762430939221
166	V	183	37.49	9.47	74.73993064817284
167	C	184	67.08	54.49	18.76863446630888
168	T	185	49.85	1.39	97.21163490471415
169	D	186	44.13	32.06	27.35100838431906
170	P	187	122.98	18.75	84.7536184745487
171	Q	188	106.63	0.0	100.0
172	A	189	17.44	0.0	100.0
173	Y	190	116.02	53.82	53.611446302361664
174	K	191	110.61	0.12	99.89151071331706
175	E	192	89.4	35.74	60.022371364653246
176	S	193	55.47	0.0	100.0
177	N	194	110.29	0.0	100.0
178	Y	195	110.36	0.0	100.0
179	S	196	14.62	0.0	100.0
180	Y	197	29.92	0.0	100.0
181	S	198	14.19	0.33	97.67441860465115
182	L	199	15.19	0.0	100.0
183	S	200	32.43	29.59	8.75732346592661
184	S	201	2.46	1.13	54.0650406504065
185	R	202	118.18	117.53	0.5500084616686458
186	L	203	5.61	1.1	80.3921568627451
187	R	204	95.15	87.44	8.102995270625337
188	V	205	25.06	3.46	86.19313647246608
189	S	206	56.83	10.83	80.94316382192504
190	A	207	10.37	0.0	100.0
191	T	208	114.8	0.0	100.0
192	F	209	72.18	0.0	100.0
193	W	210	64.57	0.0	100.0
194	H	211	110.12	0.0	100.0
195	N	212	61.03	0.0	100.0
196	P	213	134.22	0.0	100.0
197	R	214	203.45	0.0	100.0
198	N	215	19.61	0.0	100.0
199	H	216	89.31	0.0	100.0
200	F	217	26.63	0.0	100.0
201	R	218	101.41	0.0	100.0
202	C	219	17.28	0.0	100.0
203	Q	220	84.19	0.0	100.0
204	V	221	24.51	0.0	100.0
205	Q	222	98.32	0.0	100.0
206	F	223	46.88	0.0	100.0
207	H	224	47.79	0.0	100.0
208	G	225	32.74	0.0	100.0
209	L	226	58.91	0.0	100.0
210	S	227	65.14	0.0	100.0
211	E	228	167.95	0.0	100.0
212	E	229	142.19	0.0	100.0
213	D	230	29.22	0.0	100.0
214	K	231	177.18	0.0	100.0
215	W	232	114.38	0.0	100.0
216	P	233	95.87	0.0	100.0
217	E	234	179.29	0.0	100.0
218	G	235	72.49	0.0	100.0
219	S	236	119.55	0.0	100.0
