	Residue	No	ASA	BSA	Availability
0	D	1	174.42	0.0	100.0
1	A	2	72.58	0.0	100.0
2	G	3	33.94	0.0	100.0
3	V	4	22.57	0.0	100.0
4	T	5	61.22	0.0	100.0
5	Q	6	15.86	0.0	100.0
6	S	7	38.36	0.0	100.0
7	P	8	38.15	0.0	100.0
8	T	9	73.39	0.0	100.0
9	H	10	35.36	0.0	100.0
10	L	11	35.46	0.0	100.0
11	I	12	8.06	0.0	100.0
12	K	13	35.34	0.0	100.0
13	T	14	27.09	0.0	100.0
14	R	15	126.07	0.0	100.0
15	G	16	53.13	0.0	100.0
16	Q	17	72.3	0.0	100.0
17	Q	18	97.9	0.0	100.0
18	V	19	8.03	0.0	100.0
19	T	20	57.03	0.0	100.0
20	L	21	0.5	0.0	100.0
21	R	22	119.57	0.0	100.0
22	C	23	4.29	0.0	100.0
23	S	24	35.76	0.0	100.0
24	P	25	18.82	0.0	100.0
25	K	26	53.42	0.0	100.0
26	Q	27	93.74	0.0	100.0
27	G	28	71.44	0.0	100.0
28	H	29	28.39	0.0	100.0
29	D	37	34.57	0.0	100.0
30	T	38	1.08	0.0	100.0
31	V	39	0.0	0.0	100.0
32	S	40	0.0	0.0	100.0
33	W	41	0.0	0.0	100.0
34	Y	42	30.26	30.26	0.0
35	Q	43	26.71	0.0	100.0
36	Q	44	48.16	34.47	28.426079734219268
37	A	45	49.78	0.0	100.0
38	L	46	127.34	0.0	100.0
39	G	47	79.91	21.61	72.95707671130022
40	Q	48	122.96	31.68	74.23552374756018
41	G	49	38.49	35.55	7.63834762275917
42	P	50	57.54	56.31	2.1376433785192854
43	Q	51	97.65	9.61	90.15873015873017
44	F	52	52.2	28.45	45.498084291187745
45	I	53	0.0	0.0	45.498084291187745
46	F	54	1.42	0.0	100.0
47	Q	55	23.89	21.12	11.59480954374215
48	Y	56	9.42	0.0	100.0
49	Y	57	72.19	60.08	16.77517661726001
50	E	58	113.09	42.58	62.34857193385799
51	E	63	90.62	0.0	100.0
52	E	64	124.78	43.87	64.84212213495752
53	E	65	78.29	0.0	100.0
54	R	66	102.87	94.12	8.505881209293282
55	Q	67	105.66	95.91	9.22771152754117
56	R	68	108.57	0.58	99.46578244450585
57	G	69	12.09	0.0	100.0
58	N	70	158.16	0.0	100.0
59	F	71	34.97	0.0	100.0
60	P	72	62.94	0.0	100.0
61	D	74	126.06	0.0	100.0
62	R	75	46.67	0.0	100.0
63	F	76	4.89	0.0	100.0
64	S	77	46.64	0.0	100.0
65	G	78	12.94	0.0	100.0
66	H	79	111.87	0.0	100.0
67	Q	80	6.68	0.0	100.0
68	F	81	81.49	0.0	100.0
69	P	83	99.36	0.0	100.0
70	N	84	112.74	0.0	100.0
71	Y	85	74.48	0.0	100.0
72	S	86	22.45	0.0	100.0
73	S	87	1.67	0.0	100.0
74	E	88	54.24	0.0	100.0
75	L	89	0.0	0.0	100.0
76	N	90	28.24	0.0	100.0
77	V	91	0.51	0.0	100.0
78	N	92	56.52	0.0	100.0
79	A	93	47.85	0.0	100.0
80	L	94	1.82	0.0	100.0
81	L	95	94.05	0.0	100.0
82	L	96	62.07	0.0	100.0
83	G	97	69.65	0.0	100.0
84	D	98	7.73	0.0	100.0
85	S	99	42.12	0.0	100.0
86	A	100	3.64	0.0	100.0
87	L	101	33.28	18.33	44.92187500000001
88	Y	102	0.31	0.0	100.0
89	L	103	14.75	14.75	0.0
90	C	104	0.0	0.0	0.0
91	A	105	0.25	0.0	100.0
92	S	106	0.0	0.0	100.0
93	S	107	3.39	0.0	100.0
94	D	108	34.54	0.37	98.92877822814128
95	T	109	46.89	44.31	5.502239283429299
96	V	110	134.42	134.42	0.0
97	S	113	47.23	39.09	17.234808384501363
98	Y	114	136.22	136.22	0.0
99	E	115	102.56	92.68	9.633385335413411
100	Q	116	70.47	66.05	6.272172555697463
101	Y	117	94.86	20.73	78.14674256799493
102	F	118	98.04	73.39	25.142798857609144
103	G	119	12.38	9.22	25.525040387722132
104	P	120	81.65	8.53	89.5529699938763
105	G	121	14.61	1.31	91.03353867214237
106	T	122	0.0	0.0	91.03353867214237
107	R	123	70.4	0.0	100.0
108	L	124	0.61	0.0	100.0
109	T	125	14.53	0.0	100.0
110	V	126	7.98	0.0	100.0
111	T	127	3.83	0.0	100.0
112	E	128	80.48	0.0	100.0
113	D	129	71.09	0.0	100.0
114	L	130	23.59	0.0	100.0
115	K	131	105.53	0.0	100.0
116	N	132	40.74	0.0	100.0
117	V	133	0.0	0.0	100.0
118	F	134	48.45	0.0	100.0
119	P	135	36.67	0.0	100.0
120	P	136	5.1	0.0	100.0
121	E	137	136.92	0.0	100.0
122	V	138	20.55	0.0	100.0
123	A	139	40.6	15.24	62.463054187192114
124	V	140	27.2	25.43	6.507352941176469
125	F	141	99.62	93.25	6.394298333667943
126	E	142	76.41	54.42	28.778955634079306
127	P	143	16.54	2.6	84.28053204353083
128	S	144	60.76	45.37	25.329163923633974
129	E	145	117.95	0.0	100.0
130	A	146	72.66	39.97	44.99036608863199
131	E	147	35.74	35.74	0.0
132	I	148	14.01	0.0	100.0
133	S	149	80.85	0.0	100.0
134	H	150	163.05	85.39	47.6295614842073
135	T	151	57.62	29.01	49.65289829920166
136	Q	152	116.27	0.0	100.0
137	K	153	95.98	68.71	28.412169201917077
138	A	154	0.0	0.0	28.412169201917077
139	T	155	30.34	28.92	4.680290046143699
140	L	156	0.0	0.0	4.680290046143699
141	V	157	47.22	47.22	0.0
142	C	158	0.0	0.0	0.0
143	L	159	58.99	49.6	15.917952195287338
144	A	160	0.0	0.0	15.917952195287338
145	T	161	45.44	11.21	75.33010563380282
146	G	162	4.67	0.0	100.0
147	F	163	0.0	0.0	100.0
148	Y	164	18.59	0.0	100.0
149	P	165	1.85	0.0	100.0
150	D	166	54.23	0.0	100.0
151	H	167	5.61	0.0	100.0
152	V	168	28.72	0.0	100.0
153	E	169	89.97	0.0	100.0
154	L	170	27.13	0.0	100.0
155	S	171	21.04	0.0	100.0
156	W	172	1.02	0.0	100.0
157	W	173	59.06	0.0	100.0
158	V	174	17.29	0.0	100.0
159	N	175	87.39	0.0	100.0
160	G	176	54.99	0.0	100.0
161	K	177	144.03	0.0	100.0
162	E	178	68.21	0.0	100.0
163	V	179	39.58	0.0	100.0
164	H	180	139.96	0.0	100.0
165	S	181	99.49	45.47	54.29691426273997
166	G	182	37.56	36.25	3.487752928647503
167	V	183	43.97	9.51	78.37161701159883
168	C	184	72.38	59.5	17.794970986460342
169	T	185	46.98	3.55	92.44359301830568
170	D	186	39.49	25.32	35.882501899214994
171	P	187	135.06	53.25	60.573078631719234
172	Q	188	91.53	3.78	95.87020648967551
173	P	189	33.24	0.0	100.0
174	L	190	119.58	80.12	32.998829235658135
175	K	191	83.02	4.91	94.08576246687545
176	E	192	77.65	49.64	36.0721184803606
177	Q	193	98.78	8.33	91.56711884996963
178	P	194	102.5	11.88	88.40975609756097
179	A	195	104.95	0.0	100.0
180	L	196	95.04	0.0	100.0
181	N	197	99.2	0.0	100.0
182	D	198	31.19	0.0	100.0
183	S	199	4.64	0.0	100.0
184	R	200	84.65	0.0	100.0
185	Y	201	32.98	0.0	100.0
186	A	202	13.38	13.38	0.0
187	L	203	13.51	2.96	78.09030347890452
188	S	204	21.54	21.54	0.0
189	S	205	0.0	0.0	0.0
190	R	206	91.56	91.56	0.0
191	L	207	1.67	0.0	100.0
192	R	208	108.76	105.83	2.6940051489518266
193	V	209	24.31	7.91	67.46194981489099
194	S	210	51.07	29.53	42.17740356373605
195	A	211	2.48	0.0	100.0
196	T	212	108.06	0.0	100.0
197	F	213	76.61	0.0	100.0
198	W	214	3.96	0.0	100.0
199	Q	215	34.52	0.0	100.0
200	D	216	62.19	0.0	100.0
201	P	217	73.72	0.0	100.0
202	R	218	209.96	0.0	100.0
203	N	219	12.48	0.0	100.0
204	H	220	35.29	0.0	100.0
205	F	221	0.0	0.0	100.0
206	R	222	55.16	0.0	100.0
207	C	223	0.0	0.0	100.0
208	Q	224	28.72	0.0	100.0
209	V	225	0.0	0.0	100.0
210	Q	226	42.87	0.0	100.0
211	F	227	0.0	0.0	100.0
212	Y	228	36.01	0.0	100.0
213	G	229	11.9	0.0	100.0
214	L	230	3.61	0.0	100.0
215	S	231	46.18	0.0	100.0
216	E	232	149.7	0.0	100.0
217	N	233	125.32	0.0	100.0
218	D	234	35.44	0.0	100.0
219	E	235	140.81	0.0	100.0
220	W	236	58.84	0.0	100.0
221	T	237	126.56	0.0	100.0
222	Q	238	63.47	0.0	100.0
223	D	239	153.25	0.0	100.0
224	R	240	63.99	0.0	100.0
225	A	241	87.15	0.0	100.0
226	K	242	48.89	0.0	100.0
227	P	243	0.17	0.0	100.0
228	V	244	56.34	0.0	100.0
229	T	245	68.64	0.0	100.0
230	Q	246	56.75	0.0	100.0
231	I	247	93.58	0.0	100.0
232	V	248	33.48	0.0	100.0
233	S	249	49.88	0.0	100.0
234	A	250	20.41	0.0	100.0
235	E	251	97.56	15.71	83.8970889708897
236	A	252	7.87	1.84	76.62007623888184
237	W	253	147.13	0.0	100.0
238	G	254	5.28	0.0	100.0
239	R	255	149.91	0.0	100.0
240	A	256	75.28	0.0	100.0
241	D	257	167.04	0.0	100.0
