	Residue	No	ASA	BSA	Availability
0	K	2	196.73	0.0	100.0
1	E	3	71.23	0.0	100.0
2	V	4	5.53	0.0	100.0
3	E	5	84.82	0.0	100.0
4	Q	6	8.39	0.0	100.0
5	N	7	111.04	0.0	100.0
6	S	8	47.46	2.51	94.71133586177835
7	G	9	28.63	0.0	100.0
8	P	10	102.64	0.0	100.0
9	L	11	70.19	0.0	100.0
10	S	12	74.47	0.0	100.0
11	V	13	7.02	0.0	100.0
12	P	14	77.81	0.0	100.0
13	E	15	61.43	0.0	100.0
14	G	16	45.5	0.0	100.0
15	A	17	36.25	0.0	100.0
16	I	18	87.9	0.0	100.0
17	A	19	0.67	0.0	100.0
18	S	20	55.58	0.0	100.0
19	L	21	3.33	0.0	100.0
20	N	22	83.12	0.0	100.0
21	C	23	1.17	0.0	100.0
22	T	24	65.85	0.0	100.0
23	Y	25	13.32	0.0	100.0
24	S	26	63.85	0.0	100.0
25	D	27	67.63	0.0	100.0
26	R	28	212.73	40.64	80.89597141916983
27	G	29	38.65	19.79	48.79689521345408
28	S	36	4.91	1.1	77.59674134419552
29	Q	37	90.97	90.97	0.0
30	S	38	8.46	4.29	49.290780141843975
31	F	39	1.83	0.0	100.0
32	F	40	15.64	12.2	21.99488491048594
33	W	41	1.82	0.0	100.0
34	Y	42	37.32	36.73	1.5809217577706414
35	R	43	41.16	0.0	100.0
36	Q	44	55.84	34.36	38.46704871060172
37	Y	45	59.52	0.0	100.0
38	S	46	111.12	38.57	65.28977681785459
39	G	47	91.27	0.0	100.0
40	K	48	135.97	8.82	93.51327498712952
41	S	49	74.47	56.13	24.627366724855644
42	P	50	57.62	53.44	7.254425546685178
43	E	51	67.92	0.0	100.0
44	L	52	90.78	50.04	44.87772637144746
45	I	53	30.45	0.0	100.0
46	M	54	8.05	0.0	100.0
47	F	55	81.99	56.05	31.638004634711546
48	I	56	4.19	0.17	95.94272076372316
49	Y	57	113.12	113.12	0.0
50	S	58	79.2	48.26	39.06565656565657
51	N	63	90.99	0.0	100.0
52	G	64	27.07	0.0	100.0
53	D	65	103.64	0.0	100.0
54	K	66	63.33	10.21	83.87809884730774
55	E	67	146.08	0.0	100.0
56	D	68	83.93	0.0	100.0
57	G	74	73.72	0.0	100.0
58	R	75	70.86	0.0	100.0
59	F	76	26.02	0.0	100.0
60	T	77	30.95	0.0	100.0
61	A	78	0.0	0.0	100.0
62	Q	79	67.4	0.0	100.0
63	L	80	4.78	0.0	100.0
64	N	81	37.8	0.0	100.0
65	K	82	71.31	6.06	91.50189314261674
66	A	83	102.9	0.0	100.0
67	S	84	69.68	0.0	100.0
68	Q	85	39.26	0.0	100.0
69	Y	86	61.71	0.0	100.0
70	I	87	2.17	0.0	100.0
71	S	88	12.18	0.0	100.0
72	L	89	0.0	0.0	100.0
73	L	90	47.95	0.0	100.0
74	I	91	0.17	0.0	100.0
75	R	92	128.4	0.0	100.0
76	D	93	76.51	0.0	100.0
77	S	94	2.77	0.0	100.0
78	K	95	91.69	0.0	100.0
79	L	96	33.56	0.0	100.0
80	S	97	70.6	0.0	100.0
81	D	98	3.73	0.0	100.0
82	S	99	33.49	0.0	100.0
83	A	100	11.18	0.0	100.0
84	T	101	39.42	0.0	100.0
85	Y	102	0.0	0.0	100.0
86	L	103	19.07	18.23	4.404824331410592
87	C	104	1.32	0.0	100.0
88	A	105	0.37	0.0	100.0
89	V	106	7.26	0.0	100.0
90	R	107	72.26	72.26	0.0
91	T	108	32.32	0.92	97.15346534653465
92	N	109	103.96	103.96	0.0
93	S	110	108.13	52.45	51.49357255155831
94	G	113	27.2	27.2	0.0
95	Y	114	208.04	208.04	0.0
96	A	115	79.09	59.75	24.45315463396131
97	L	116	69.86	63.22	9.504723733180647
98	N	117	63.98	2.08	96.74898405751797
99	F	118	84.01	74.82	10.939173907868124
100	G	119	8.07	7.29	9.665427509293684
101	K	120	127.58	61.59	51.724408214453675
102	G	121	4.17	0.74	82.25419664268586
103	T	122	8.98	0.0	100.0
104	S	123	28.86	0.0	100.0
105	L	124	0.61	0.0	100.0
106	L	125	83.69	0.0	100.0
107	V	126	5.12	0.0	100.0
108	T	127	45.16	0.0	100.0
109	P	128	6.74	0.0	100.0
110	H	129	131.75	0.0	100.0
111	I	130	15.29	0.0	100.0
112	Q	131	152.46	0.0	100.0
113	K	132	163.52	0.0	100.0
114	P	133	68.14	0.0	100.0
115	D	134	91.59	40.5	55.78119882083197
116	P	135	11.11	0.0	100.0
117	A	136	0.51	0.51	0.0
118	V	137	2.7	0.0	100.0
119	Y	138	71.48	71.14	0.47565752658086646
120	Q	139	68.59	15.5	77.4019536375565
121	L	140	76.62	76.12	0.6525711302531976
122	R	141	193.42	31.78	83.56943439147967
123	D	142	51.93	35.76	31.138070479491624
124	S	143	119.99	66.91	44.237019751645974
125	K	144	177.56	0.84	99.52692047758504
126	S	145	42.26	0.0	100.0
127	S	146	91.13	0.0	100.0
128	D	147	108.34	0.0	100.0
129	K	148	102.55	14.39	85.9678205753291
130	S	149	30.84	1.9	93.83916990920882
131	V	150	47.06	46.05	2.1461963450913837
132	C	151	2.64	0.0	100.0
133	L	152	40.56	40.56	0.0
134	F	153	0.0	0.0	0.0
135	T	154	15.55	14.2	8.681672025723481
136	D	155	33.85	24.9	26.440177252584938
137	F	156	0.33	0.0	100.0
138	D	157	43.07	0.0	100.0
139	S	158	25.36	0.0	100.0
140	Q	159	166.98	0.0	100.0
141	T	160	10.7	0.0	100.0
142	N	161	94.67	0.0	100.0
143	V	162	12.77	0.0	100.0
144	S	163	37.43	0.0	100.0
145	Q	164	111.7	4.75	95.74753804834378
146	S	165	33.57	0.0	100.0
147	K	166	204.23	0.0	100.0
148	D	167	77.84	0.0	100.0
149	S	168	104.09	26.48	74.56047651071188
150	D	169	75.42	0.0	100.0
151	V	170	25.57	0.0	100.0
152	Y	171	117.4	70.21	40.19591141396934
153	I	172	16.31	11.9	27.03862660944205
154	T	173	46.73	43.73	6.419858763107213
155	D	174	95.69	17.5	81.7117776152158
156	K	175	77.89	6.13	92.12992681987419
157	C	176	86.83	74.19	14.557180697915467
158	V	177	56.8	6.13	89.20774647887325
159	L	178	84.76	82.25	2.9613025011798078
160	D	179	56.15	17.87	68.17453250222619
161	M	180	74.93	68.57	8.487922060589902
162	R	181	197.1	23.91	87.86910197869102
163	S	182	103.11	2.01	98.05062554553389
164	M	183	139.61	45.39	67.48800229209942
165	D	184	102.54	0.0	100.0
166	F	185	92.05	37.2	59.587180879956534
167	K	186	41.09	0.0	100.0
168	S	187	5.87	4.53	22.827938671209537
169	N	188	1.49	0.0	100.0
170	S	189	15.37	14.55	5.335068314899145
171	A	190	1.67	1.67	0.0
172	V	191	47.17	47.17	0.0
173	A	192	0.0	0.0	0.0
174	W	193	102.22	82.11	19.673253766386225
175	S	194	10.48	0.0	100.0
176	N	195	123.37	0.0	100.0
177	K	196	106.99	0.0	100.0
178	S	197	106.51	0.0	100.0
179	D	198	125.02	0.0	100.0
180	F	199	43.06	0.0	100.0
181	A	200	51.75	0.0	100.0
182	C	201	16.81	0.0	100.0
183	A	202	73.7	0.0	100.0
184	N	203	106.15	0.0	100.0
185	A	204	4.64	0.0	100.0
186	F	205	3.43	0.0	100.0
187	N	206	103.0	0.0	100.0
188	N	207	101.26	0.0	100.0
189	S	208	13.79	0.0	100.0
190	I	209	125.52	0.0	100.0
191	I	210	39.64	0.0	100.0
192	P	211	39.18	0.0	100.0
193	E	212	177.5	0.0	100.0
194	D	213	93.76	0.0	100.0
195	T	214	13.63	0.0	100.0
196	F	215	115.07	38.81	66.27270357173893
197	F	216	92.58	0.0	100.0
198	P	217	49.78	18.74	62.354359180393736
199	S	218	104.91	0.61	99.41854923267563
200	P	219	124.65	0.0	100.0
