	Residue	No	ASA	BSA	Availability
0	G	1	75.48	0.0	100.0
1	S	2	75.18	0.0	100.0
2	H	3	20.16	0.0	100.0
3	S	4	14.28	0.0	100.0
4	R	6	103.02	0.0	100.0
5	Y	7	47.51	29.99	36.87644706377605
6	F	8	92.12	56.28	38.90577507598784
7	F	9	7.33	6.86	6.412005457025917
8	T	10	47.68	45.21	5.1803691275167765
9	S	11	1.35	0.0	100.0
10	V	12	54.28	34.28	36.84598378776713
11	S	13	22.25	0.0	100.0
12	R	14	80.46	0.0	100.0
13	P	15	89.86	0.0	100.0
14	G	16	49.16	0.0	100.0
15	R	17	226.81	0.0	100.0
16	G	18	67.4	0.0	100.0
17	E	19	92.29	0.0	100.0
18	P	20	14.43	0.0	100.0
19	R	21	79.84	5.71	92.84819639278558
20	F	22	3.35	0.0	100.0
21	I	23	65.21	51.35	21.254408833001065
22	A	24	6.65	0.0	100.0
23	V	25	29.0	27.11	6.517241379310347
24	G	26	0.0	0.0	6.517241379310347
25	Y	27	67.1	32.41	51.698956780924
26	V	28	3.17	0.0	100.0
27	D	29	23.66	0.0	100.0
28	D	30	56.84	0.0	100.0
29	T	31	35.9	0.0	100.0
30	Q	32	59.4	17.82	70.0
31	F	33	2.5	0.0	100.0
32	V	34	17.08	0.0	100.0
33	R	35	61.07	25.01	59.04699525135091
34	F	36	8.95	0.0	100.0
35	D	37	15.96	0.66	95.86466165413535
36	S	38	35.61	0.0	100.0
37	D	39	79.43	0.0	100.0
38	A	40	25.05	0.0	100.0
39	A	41	106.9	0.0	100.0
40	S	42	53.85	0.0	100.0
41	Q	43	84.72	0.0	100.0
42	R	44	105.94	0.0	100.0
43	E	46	41.63	0.0	100.0
44	P	47	44.04	0.0	100.0
45	R	48	116.36	3.34	97.12959779993125
46	A	49	5.21	0.0	100.0
47	P	50	106.24	0.0	100.0
48	W	51	16.03	0.0	100.0
49	I	52	0.33	0.0	100.0
50	E	53	109.23	0.0	100.0
51	Q	54	120.46	0.0	100.0
52	E	55	21.8	0.0	100.0
53	G	56	37.1	0.0	100.0
54	P	57	103.03	0.0	100.0
55	E	58	141.06	0.24	99.8298596341982
56	Y	59	26.26	1.71	93.48819497334348
57	W	60	41.26	0.0	100.0
58	D	61	60.04	0.0	100.0
59	G	62	9.03	5.86	35.10520487264672
60	E	63	43.06	23.9	44.49605202043661
61	T	64	15.59	0.0	100.0
62	R	65	158.33	129.37	18.290911387608162
63	K	66	111.06	111.06	0.0
64	V	67	23.49	12.66	46.104725415070234
65	K	68	88.53	29.32	66.88128318084266
66	A	69	50.31	50.31	0.0
67	H	70	42.42	42.42	0.0
68	S	71	17.5	0.0	100.0
69	Q	72	83.29	64.73	22.283587465482054
70	T	73	50.89	50.89	0.0
71	H	74	0.0	0.0	0.0
72	R	75	109.61	32.1	70.71435088039412
73	V	76	97.35	34.48	64.5814072932717
74	D	77	39.49	38.95	1.3674347936186355
75	L	78	13.23	0.0	100.0
76	G	79	32.12	0.0	100.0
77	T	80	56.36	16.36	70.97232079489
78	L	81	5.85	5.85	0.0
79	R	82	96.67	0.0	100.0
80	G	83	53.32	0.0	100.0
81	Y	84	91.27	4.16	95.44209488331326
82	Y	85	83.54	0.0	100.0
83	N	86	141.99	0.0	100.0
84	Q	87	65.95	0.0	100.0
85	S	88	60.62	0.0	100.0
86	E	89	119.94	0.0	100.0
87	A	90	73.93	0.0	100.0
88	G	91	28.25	0.0	100.0
89	S	92	67.87	4.41	93.50228377781052
90	H	93	26.16	0.0	100.0
91	T	94	32.62	27.96	14.285714285714276
92	V	95	0.0	0.0	14.285714285714276
93	Q	96	78.04	78.04	0.0
94	R	97	41.9	35.16	16.08591885441528
95	Y	99	39.38	25.5	35.246317927882174
96	G	100	1.67	0.0	100.0
97	C	101	1.8	0.0	100.0
98	D	102	19.66	0.0	100.0
99	V	103	0.17	0.0	100.0
100	G	104	13.53	0.0	100.0
101	S	105	88.06	0.0	100.0
102	D	106	81.4	0.0	100.0
103	W	107	72.07	0.0	100.0
104	R	108	158.94	0.0	100.0
105	F	109	74.11	0.0	100.0
106	L	110	97.57	0.0	100.0
107	R	111	99.55	0.0	100.0
108	G	112	3.9	0.0	100.0
109	Y	113	40.69	0.0	100.0
110	H	114	8.72	1.61	81.53669724770643
111	Q	115	107.16	34.75	67.5718551698395
112	Y	116	10.41	9.36	10.08645533141211
113	A	117	17.86	17.86	0.0
114	Y	118	14.45	0.0	100.0
115	D	119	54.25	17.81	67.17050691244239
116	G	120	75.83	73.13	3.5605960701569335
117	K	121	161.65	22.17	86.28518403959173
118	D	122	126.31	19.91	84.2371942047344
119	Y	123	16.23	7.77	52.12569316081331
120	I	124	3.08	0.33	89.28571428571428
121	A	125	17.33	0.0	100.0
122	L	126	16.76	0.0	100.0
123	K	127	101.48	0.0	100.0
124	E	128	131.55	0.0	100.0
125	D	129	81.78	0.0	100.0
126	L	130	3.64	0.0	100.0
127	R	131	158.3	0.0	100.0
128	S	132	46.01	0.0	100.0
129	W	133	12.08	0.0	100.0
130	T	134	69.93	0.0	100.0
131	A	135	17.91	0.0	100.0
132	A	136	112.74	0.0	100.0
133	D	137	77.26	0.0	100.0
134	A	139	33.76	0.0	100.0
135	A	140	0.0	0.0	100.0
136	Q	141	91.3	0.0	100.0
137	T	142	78.24	0.0	100.0
138	T	143	12.84	12.84	0.0
139	K	144	44.62	0.0	100.0
140	H	145	115.91	0.0	100.0
141	K	146	124.95	44.2	64.62585034013605
142	W	147	56.72	56.72	0.0
143	E	148	99.9	0.0	100.0
144	A	149	83.85	0.0	100.0
145	A	150	57.72	39.34	31.843381843381835
146	H	151	112.16	43.47	61.24286733238231
147	V	152	40.42	40.42	0.0
148	A	153	10.1	0.0	100.0
149	E	154	98.19	56.9	42.051125369182195
150	Q	155	128.44	128.44	0.0
151	L	156	30.09	24.73	17.813226985709534
152	R	157	52.09	18.26	64.94528700326357
153	A	158	64.44	48.5	24.736188702669146
154	Y	159	70.91	70.91	0.0
155	L	160	0.0	0.0	0.0
156	E	161	77.9	0.0	100.0
157	G	162	35.05	0.0	100.0
158	T	163	61.0	49.96	18.098360655737704
159	C	164	17.09	3.8	77.76477472205968
160	V	165	3.18	0.0	100.0
161	E	166	102.83	60.71	40.96080910240202
162	W	167	86.41	36.97	57.21560004629094
163	L	168	8.96	0.0	100.0
164	R	169	93.6	0.0	100.0
165	R	170	104.02	1.84	98.23110940203806
166	Y	171	14.39	8.16	43.29395413481584
167	L	172	0.0	0.0	43.29395413481584
168	E	173	117.27	0.0	100.0
169	N	174	49.3	0.0	100.0
170	G	175	3.66	0.0	100.0
171	K	176	95.45	0.0	100.0
172	E	177	109.16	0.0	100.0
173	T	178	68.0	0.0	100.0
174	L	179	3.6	0.0	100.0
175	Q	180	77.84	0.0	100.0
176	R	181	128.0	0.0	100.0
177	T	182	75.67	0.0	100.0
178	D	183	44.89	0.0	100.0
179	A	184	54.66	0.0	100.0
180	P	185	7.82	0.0	100.0
181	K	186	143.29	0.0	100.0
182	T	187	33.05	0.0	100.0
183	H	188	99.0	2.97	97.0
184	T	190	68.42	15.17	77.82812043262204
185	H	191	56.89	0.0	100.0
186	H	192	158.57	1.33	99.16125370498833
187	A	193	59.85	0.0	100.0
188	V	194	88.55	0.0	100.0
189	S	195	48.15	0.0	100.0
190	D	196	113.12	0.0	100.0
191	H	197	165.31	0.0	100.0
192	E	198	65.89	0.0	100.0
193	A	199	0.33	0.0	100.0
194	T	200	20.06	0.0	100.0
195	L	201	3.02	0.0	100.0
196	R	202	66.35	18.03	72.82592313489073
197	C	203	4.16	0.0	100.0
198	W	204	50.62	25.82	48.99249308573686
199	A	205	0.0	0.0	48.99249308573686
200	L	206	48.2	24.85	48.44398340248963
201	S	207	36.43	0.86	97.63930826242108
202	F	208	0.0	0.0	97.63930826242108
203	Y	209	13.91	0.0	100.0
204	P	210	20.18	0.0	100.0
205	A	211	24.46	0.0	100.0
206	E	212	129.44	0.0	100.0
207	I	213	23.31	0.0	100.0
208	T	214	69.32	0.0	100.0
209	L	215	4.93	0.0	100.0
210	T	216	47.41	0.0	100.0
211	W	217	12.24	0.0	100.0
212	Q	218	35.26	0.0	100.0
213	R	219	98.88	0.0	100.0
214	D	220	87.01	0.0	100.0
215	G	221	64.8	0.0	100.0
216	E	222	95.39	0.0	100.0
217	D	223	87.0	0.0	100.0
218	Q	224	17.41	0.0	100.0
219	T	225	114.55	0.0	100.0
220	Q	226	176.2	0.0	100.0
221	D	227	72.17	0.0	100.0
222	T	228	28.08	0.0	100.0
223	E	229	98.71	0.0	100.0
224	L	230	100.23	0.0	100.0
225	V	231	36.5	10.21	72.02739726027397
226	E	232	146.55	41.21	71.87990446946434
227	T	233	37.12	10.69	71.20150862068965
228	R	234	90.09	77.75	13.697413697413701
229	P	235	95.75	65.77	31.310704960835512
230	A	236	45.65	42.81	6.221248630887177
231	G	237	73.91	40.63	45.02773643620619
232	D	238	115.35	41.52	64.00520156046812
233	G	239	51.68	0.0	100.0
234	T	240	20.48	0.0	100.0
235	F	241	31.76	0.0	100.0
236	Q	242	41.61	38.22	8.147080028839222
237	K	243	17.96	0.0	100.0
238	W	244	30.4	0.88	97.10526315789474
239	A	245	0.0	0.0	97.10526315789474
240	A	246	2.91	0.0	100.0
241	V	247	3.84	0.0	100.0
242	V	248	74.7	0.0	100.0
243	V	249	1.6	0.0	100.0
244	P	250	60.29	0.0	100.0
245	S	251	66.11	0.0	100.0
246	G	252	53.79	0.0	100.0
247	Q	253	60.96	0.0	100.0
248	E	254	16.24	0.0	100.0
249	Q	255	116.28	0.0	100.0
250	R	256	112.95	0.0	100.0
251	Y	257	7.4	0.0	100.0
252	T	258	7.07	0.0	100.0
253	C	259	1.34	0.0	100.0
254	H	260	55.12	0.0	100.0
255	V	261	0.0	0.0	100.0
256	Q	262	84.62	0.0	100.0
257	H	263	20.57	0.0	100.0
258	E	264	105.88	0.0	100.0
259	G	265	24.25	0.0	100.0
260	L	266	22.34	0.0	100.0
261	P	267	146.06	0.0	100.0
262	K	268	149.66	0.0	100.0
263	P	269	54.5	0.0	100.0
264	L	270	71.96	0.0	100.0
265	T	271	59.94	0.0	100.0
266	L	272	46.2	0.0	100.0
267	R	273	144.73	0.0	100.0
268	W	274	96.9	0.0	100.0
269	E	275	147.07	0.0	100.0
270	P	276	169.09	0.0	100.0
