	Residue	No	ASA	BSA	Availability
0	I	1	151.78	72.41	52.29279219923574
1	Q	2	122.81	0.0	100.0
2	R	3	91.13	0.15	99.83539997805333
3	T	4	72.74	0.0	100.0
4	P	5	9.05	0.0	100.0
5	K	6	132.47	20.29	84.68332452630784
6	I	7	21.86	0.0	100.0
7	Q	8	105.58	73.81	30.090926311801475
8	V	9	18.33	0.76	95.85379159847244
9	Y	10	83.1	74.23	10.673886883273154
10	S	11	21.79	6.38	70.72051399724644
11	R	12	114.57	80.34	29.876931133804653
12	H	13	102.12	10.1	90.10967489228359
13	P	14	117.87	25.24	78.58657843386783
14	A	15	27.62	0.0	100.0
15	E	16	104.71	0.0	100.0
16	N	17	76.05	0.0	100.0
17	G	18	48.56	0.0	100.0
18	K	19	138.63	0.0	100.0
19	S	20	74.52	0.0	100.0
20	N	21	5.76	0.0	100.0
21	F	22	57.73	0.0	100.0
22	L	23	0.0	0.0	100.0
23	N	24	9.94	9.94	0.0
24	C	25	0.0	0.0	0.0
25	Y	26	65.34	43.5	33.425160697887975
26	V	27	0.0	0.0	33.425160697887975
27	S	28	11.77	2.21	81.22344944774851
28	G	29	18.67	0.0	100.0
29	F	30	0.0	0.0	100.0
30	H	31	51.58	47.25	8.39472663823187
31	P	32	46.73	8.87	81.01861759041302
32	S	33	42.98	25.88	39.78594695207073
33	D	34	113.75	15.46	86.4087912087912
34	I	35	25.77	0.0	100.0
35	E	36	111.73	0.0	100.0
36	V	37	10.97	0.0	100.0
37	D	38	11.48	0.0	100.0
38	L	39	0.46	0.0	100.0
39	L	40	7.03	0.0	100.0
40	K	41	85.09	0.0	100.0
41	N	42	80.97	0.0	100.0
42	G	43	49.78	0.0	100.0
43	E	44	122.48	0.0	100.0
44	R	45	126.14	0.0	100.0
45	I	46	30.59	0.0	100.0
46	E	47	136.51	0.0	100.0
47	K	48	151.03	0.0	100.0
48	V	49	37.61	0.0	100.0
49	E	50	86.4	0.0	100.0
50	H	51	103.72	5.16	95.02506748939453
51	S	52	38.69	1.17	96.97596278108038
52	D	53	132.89	112.59	15.275792008428013
53	L	54	89.95	71.98	19.977765425236242
54	S	55	41.0	40.51	1.195121951219517
55	F	56	101.19	92.31	8.775570708568035
56	S	57	55.47	0.47	99.15269515053183
57	K	58	183.41	12.39	93.2446431492285
58	D	59	67.39	1.1	98.36771034278084
59	W	60	169.32	153.44	9.378691235530354
60	S	61	5.35	0.0	100.0
61	F	62	30.15	30.15	0.0
62	Y	63	75.79	17.09	77.4508510357567
63	L	64	9.2	0.0	100.0
64	L	65	46.94	35.99	23.32765232211333
65	Y	66	24.46	0.0	100.0
66	Y	67	53.1	2.64	95.02824858757062
67	T	68	3.82	0.0	100.0
68	E	69	98.83	0.0	100.0
69	F	70	12.87	0.0	100.0
70	T	71	56.74	0.0	100.0
71	P	72	0.67	0.0	100.0
72	T	73	37.54	0.0	100.0
73	E	74	136.02	0.0	100.0
74	K	75	168.04	0.0	100.0
75	D	76	33.26	0.0	100.0
76	E	77	111.71	0.0	100.0
77	Y	78	7.03	0.0	100.0
78	A	79	9.03	0.0	100.0
79	C	80	0.0	0.0	100.0
80	R	81	76.71	0.0	100.0
81	V	82	0.0	0.0	100.0
82	N	83	56.64	0.0	100.0
83	H	84	11.79	0.0	100.0
84	V	85	91.54	0.0	100.0
85	T	86	34.07	0.0	100.0
86	L	87	35.24	0.0	100.0
87	S	88	124.06	0.0	100.0
88	Q	89	132.17	0.0	100.0
89	P	90	66.03	0.0	100.0
90	K	91	81.88	0.0	100.0
91	I	92	97.2	0.0	100.0
92	V	93	38.83	0.0	100.0
93	K	94	149.81	0.0	100.0
94	W	95	27.15	0.0	100.0
95	D	96	99.05	0.0	100.0
96	R	97	99.81	0.0	100.0
97	D	98	160.13	75.6	52.78835945794042
