	Residue	No	ASA	BSA	Availability
0	M	0	199.01	74.26	62.68529219637203
1	I	1	108.88	52.9	51.41440117560617
2	Q	2	103.97	0.0	100.0
3	R	3	94.92	4.2	95.57522123893804
4	T	4	67.04	0.0	100.0
5	P	5	7.66	0.0	100.0
6	K	6	139.2	23.4	83.1896551724138
7	I	7	29.11	0.0	100.0
8	Q	8	107.85	84.29	21.84515530829855
9	V	9	11.82	0.49	95.85448392554991
10	Y	10	64.32	63.14	1.8345771144278495
11	S	11	23.91	7.97	66.66666666666667
12	R	12	125.73	85.39	32.08462578541319
13	H	13	102.75	13.8	86.56934306569343
14	P	14	121.5	18.57	84.71604938271605
15	A	15	28.13	0.0	100.0
16	E	16	103.25	0.0	100.0
17	N	17	81.11	0.0	100.0
18	G	18	59.3	0.0	100.0
19	K	19	122.65	0.0	100.0
20	S	20	81.33	0.0	100.0
21	N	21	7.18	0.0	100.0
22	F	22	57.14	0.0	100.0
23	L	23	0.0	0.0	100.0
24	N	24	13.97	13.85	0.8589835361488977
25	C	25	0.0	0.0	0.8589835361488977
26	Y	26	65.58	49.31	24.809393107654767
27	V	27	0.0	0.0	24.809393107654767
28	S	28	17.64	14.09	20.124716553287985
29	G	29	18.41	4.36	76.31721890277024
30	F	30	0.0	0.0	76.31721890277024
31	H	31	47.4	44.58	5.9493670886075956
32	P	32	28.38	11.72	58.703312191684276
33	S	33	40.39	25.98	35.67714780886358
34	D	34	111.31	24.45	78.03431856976013
35	I	35	27.75	0.0	100.0
36	E	36	85.53	0.0	100.0
37	V	37	15.14	0.0	100.0
38	D	38	21.99	0.0	100.0
39	L	39	1.21	0.0	100.0
40	L	40	20.16	0.0	100.0
41	K	41	85.34	0.0	100.0
42	N	42	73.37	0.0	100.0
43	G	43	58.4	0.0	100.0
44	E	44	138.34	0.0	100.0
45	R	45	149.79	0.0	100.0
46	I	46	33.11	0.0	100.0
47	E	47	146.01	0.0	100.0
48	K	48	174.13	0.0	100.0
49	V	49	37.82	0.0	100.0
50	E	50	102.8	0.0	100.0
51	H	51	110.5	8.5	92.3076923076923
52	S	52	36.93	0.17	99.53966964527484
53	D	53	137.32	118.71	13.55228662976988
54	L	54	90.45	75.73	16.274184632393585
55	S	55	40.48	40.48	0.0
56	F	56	110.6	103.87	6.084990958408671
57	S	57	53.0	0.47	99.11320754716981
58	K	58	203.38	1.51	99.25754744812666
59	D	59	66.91	3.31	95.05305634434315
60	W	60	174.53	157.16	9.952443705953133
61	S	61	3.55	0.0	100.0
62	F	62	30.09	30.09	0.0
63	Y	63	73.74	19.75	73.21670735014916
64	L	64	10.71	0.0	100.0
65	L	65	51.22	38.8	24.248340491995318
66	Y	66	29.62	0.0	100.0
67	Y	67	57.36	4.38	92.36401673640167
68	T	68	4.6	0.0	100.0
69	E	69	124.65	0.0	100.0
70	F	70	14.03	0.0	100.0
71	T	71	60.65	0.0	100.0
72	P	72	0.17	0.0	100.0
73	T	73	53.55	0.0	100.0
74	E	74	156.11	0.0	100.0
75	K	75	147.5	0.0	100.0
76	D	76	31.09	0.0	100.0
77	E	77	105.94	0.0	100.0
78	Y	78	9.69	0.0	100.0
79	A	79	11.88	0.0	100.0
80	C	80	0.0	0.0	100.0
81	R	81	65.05	0.0	100.0
82	V	82	0.0	0.0	100.0
83	N	83	46.48	0.0	100.0
84	H	84	10.39	0.0	100.0
85	V	85	105.79	0.0	100.0
86	T	86	45.48	0.0	100.0
87	L	87	28.01	0.0	100.0
88	S	88	122.51	0.0	100.0
89	Q	89	145.56	0.0	100.0
90	P	90	59.95	0.0	100.0
91	K	91	81.31	0.0	100.0
92	I	92	100.22	0.0	100.0
93	V	93	41.83	0.0	100.0
94	K	94	141.44	0.0	100.0
95	W	95	32.99	0.0	100.0
96	D	96	64.43	0.0	100.0
97	R	97	94.62	0.0	100.0
98	D	98	130.37	61.78	52.61179719260566
99	M	99	176.56	93.59	46.99252378794744
