	Residue	No	ASA	BSA	Availability
0	N	1	141.5	5.8	95.90106007067138
1	A	2	98.8	0.0	100.0
2	G	3	7.32	0.0	100.0
3	V	4	0.9	0.0	100.0
4	T	5	69.62	0.0	100.0
5	Q	6	19.05	0.0	100.0
6	T	7	80.63	0.0	100.0
7	P	8	33.69	0.0	100.0
8	K	9	91.12	11.77	87.08296751536436
9	F	10	23.68	0.0	100.0
10	Q	11	43.67	0.0	100.0
11	V	12	7.74	0.0	100.0
12	L	13	12.8	0.0	100.0
13	K	14	87.58	0.0	100.0
14	T	15	67.24	0.0	100.0
15	G	16	39.9	0.0	100.0
16	Q	17	57.5	0.0	100.0
17	S	18	75.7	0.0	100.0
18	M	19	32.29	0.0	100.0
19	T	20	55.92	0.0	100.0
20	L	21	0.0	0.0	100.0
21	Q	22	84.43	0.0	100.0
22	C	23	2.39	0.0	100.0
23	A	24	36.54	0.0	100.0
24	Q	25	8.6	0.0	100.0
25	D	26	112.51	0.0	100.0
26	M	27	72.81	0.0	100.0
27	N	28	98.76	0.0	100.0
28	H	29	11.13	0.0	100.0
29	E	37	53.7	20.66	61.52700186219741
30	Y	38	51.3	46.98	8.421052631578949
31	M	39	0.0	0.0	8.421052631578949
32	S	40	2.42	0.0	100.0
33	W	41	0.0	0.0	100.0
34	Y	42	37.23	26.62	28.498522696749923
35	R	43	21.65	0.0	100.0
36	Q	44	69.86	30.8	55.91182364729459
37	D	45	22.84	0.0	100.0
38	P	46	151.34	0.0	100.0
39	G	47	70.79	0.0	100.0
40	M	48	122.34	0.0	100.0
41	G	49	36.63	16.04	56.210756210756216
42	L	50	85.72	59.81	30.2263182454503
43	R	51	51.49	0.0	100.0
44	L	52	39.65	23.49	40.756620428751575
45	I	53	0.0	0.0	40.756620428751575
46	H	54	21.48	0.0	100.0
47	Y	55	61.91	27.01	56.37215312550475
48	S	56	0.84	0.0	100.0
49	V	57	75.97	41.23	45.72857706989601
50	G	58	12.39	0.0	100.0
51	A	63	53.18	0.0	100.0
52	G	64	60.26	0.0	100.0
53	I	65	99.47	0.0	100.0
54	T	66	57.02	0.0	100.0
55	D	67	84.08	0.0	100.0
56	Q	68	108.53	0.98	99.09702386436929
57	G	69	24.04	4.48	81.36439267886854
58	E	70	116.3	0.0	100.0
59	V	71	38.27	0.0	100.0
60	P	72	30.51	0.0	100.0
61	N	74	139.36	0.0	100.0
62	G	75	42.02	0.0	100.0
63	Y	76	18.54	0.0	100.0
64	N	77	81.17	0.0	100.0
65	V	78	21.71	0.0	100.0
66	S	79	37.37	0.0	100.0
67	R	80	4.9	0.0	100.0
68	S	81	105.13	0.0	100.0
69	T	83	62.42	0.0	100.0
70	T	84	50.59	0.0	100.0
71	E	85	83.88	0.0	100.0
72	D	86	65.31	0.0	100.0
73	F	87	0.0	0.0	100.0
74	P	88	24.08	0.0	100.0
75	L	89	0.0	0.0	100.0
76	R	90	84.37	0.0	100.0
77	L	91	0.49	0.0	100.0
78	L	92	139.64	0.0	100.0
79	S	93	69.41	0.0	100.0
80	A	94	0.74	0.0	100.0
81	A	95	36.13	0.0	100.0
82	P	96	73.8	0.0	100.0
83	S	97	87.25	0.0	100.0
84	Q	98	9.45	0.0	100.0
85	T	99	55.18	0.0	100.0
86	S	100	10.18	0.0	100.0
87	V	101	37.49	0.0	100.0
88	Y	102	0.0	0.0	100.0
89	F	103	37.05	35.96	2.941970310391353
90	C	104	0.0	0.0	2.941970310391353
91	A	105	0.3	0.0	100.0
92	S	106	0.33	0.0	100.0
93	R	107	89.21	89.21	0.0
94	P	108	6.11	0.0	100.0
95	G	109	31.92	31.92	0.0
96	L	110	168.43	168.43	0.0
97	M	111	89.54	32.58	63.61402725039089
98	S	112	35.31	34.51	2.2656471254602217
99	A	113	100.95	100.95	0.0
100	Q	114	117.7	57.16	51.435853865760414
101	P	115	89.64	89.64	0.0
102	E	116	81.71	65.22	20.181128380859132
103	Q	117	57.88	55.76	3.66275051831376
104	Y	118	95.1	21.03	77.88643533123029
105	F	119	75.48	67.82	10.148383677795456
106	G	120	4.55	4.4	3.296703296703285
107	P	121	74.06	21.75	70.63192006481232
108	G	122	0.87	0.0	100.0
109	T	123	0.0	0.0	100.0
110	R	124	54.16	17.57	67.55908419497784
111	L	125	3.01	0.0	100.0
112	T	126	10.04	0.0	100.0
113	V	127	5.77	0.0	100.0
114	T	128	4.78	0.0	100.0
115	E	129	133.94	0.0	100.0
116	D	130	52.09	0.0	100.0
117	L	131	25.31	0.0	100.0
118	K	132	103.35	0.0	100.0
119	N	133	26.04	0.0	100.0
120	V	134	0.0	0.0	100.0
121	F	135	47.04	0.0	100.0
122	P	136	37.78	0.0	100.0
123	P	137	5.25	0.0	100.0
124	E	138	132.04	0.0	100.0
125	V	139	21.48	8.79	59.0782122905028
126	A	140	42.7	37.17	12.95081967213115
127	V	141	20.98	19.7	6.101048617731178
128	F	142	101.26	100.79	0.46415168872210044
129	E	143	85.24	55.04	35.4293758798686
130	P	144	6.2	3.0	51.61290322580645
131	S	145	55.67	47.75	14.22669301239447
132	E	146	157.11	3.53	97.75316657119217
133	A	147	64.29	38.89	39.508477212630275
134	E	148	31.21	31.21	0.0
135	I	149	25.92	0.0	100.0
136	S	150	102.18	0.0	100.0
137	H	151	157.84	71.88	54.46021287379625
138	T	152	49.14	29.36	40.252340252340254
139	Q	153	139.98	0.0	100.0
140	K	154	92.44	62.93	31.923409779316316
141	A	155	0.0	0.0	31.923409779316316
142	T	156	29.07	27.1	6.776745786033708
143	L	157	0.0	0.0	6.776745786033708
144	V	158	52.65	52.48	0.32288698955365946
145	C	159	0.0	0.0	0.32288698955365946
146	L	160	66.08	65.75	0.49939467312348407
147	A	161	0.0	0.0	0.49939467312348407
148	T	162	44.55	29.4	34.00673400673401
149	G	163	9.5	0.0	100.0
150	F	164	0.0	0.0	100.0
151	Y	165	10.54	0.0	100.0
152	P	166	0.17	0.0	100.0
153	D	167	25.79	0.0	100.0
154	H	168	0.51	0.0	100.0
155	V	169	20.73	0.0	100.0
156	E	170	74.14	0.0	100.0
157	L	171	32.32	0.0	100.0
158	S	172	17.45	0.0	100.0
159	W	173	2.32	0.0	100.0
160	W	174	64.4	0.0	100.0
161	V	175	19.19	0.0	100.0
162	N	176	88.07	0.0	100.0
163	G	177	54.53	0.0	100.0
164	K	178	165.49	0.0	100.0
165	E	179	70.92	0.0	100.0
166	V	180	34.78	0.0	100.0
167	H	181	132.84	11.33	91.47094248720265
168	S	182	106.02	48.6	54.159592529711375
169	G	183	30.73	27.02	12.072892938496587
170	V	184	52.01	14.02	73.04364545279753
171	S	185	64.42	57.72	10.400496740142817
172	T	186	54.17	4.19	92.26509137899207
173	D	187	32.53	22.72	30.15677835843837
174	P	188	133.37	50.27	62.30786533703231
175	Q	189	118.95	26.96	77.3350147120639
176	P	190	18.91	0.0	100.0
177	L	191	103.8	73.37	29.315992292870902
178	K	192	110.81	2.21	98.00559516289144
179	E	193	81.89	35.29	56.90560507998534
180	Q	194	118.08	34.28	70.96883468834689
181	P	195	103.18	0.0	100.0
182	A	196	89.16	0.0	100.0
183	L	197	105.24	0.0	100.0
184	N	198	145.27	0.0	100.0
185	D	199	66.4	0.0	100.0
186	S	200	7.84	0.0	100.0
187	R	201	86.18	0.0	100.0
188	Y	202	35.57	0.0	100.0
189	A	203	15.89	13.72	13.656387665198237
190	L	204	8.31	0.77	90.734055354994
191	S	205	17.81	17.81	0.0
192	S	206	0.0	0.0	0.0
193	R	207	85.05	84.93	0.1410934744267964
194	L	208	5.19	0.0	100.0
195	R	209	112.39	109.78	2.3222706646498796
196	V	210	44.66	7.17	83.94536497984774
197	S	211	50.25	3.84	92.35820895522387
198	A	212	20.17	0.0	100.0
199	T	213	124.14	0.0	100.0
200	F	214	69.54	0.0	100.0
201	W	215	0.0	0.0	100.0
202	Q	216	57.64	0.0	100.0
203	D	217	39.7	0.0	100.0
204	P	218	84.84	0.0	100.0
205	R	219	198.82	0.0	100.0
206	N	220	7.42	0.0	100.0
207	H	221	41.92	0.0	100.0
208	F	222	0.96	0.0	100.0
209	R	223	61.24	0.0	100.0
210	C	224	0.0	0.0	100.0
211	Q	225	21.62	0.0	100.0
212	V	226	0.0	0.0	100.0
213	Q	227	36.16	0.0	100.0
214	F	228	0.0	0.0	100.0
215	Y	229	51.29	0.0	100.0
216	G	230	10.55	0.0	100.0
217	L	231	7.72	0.0	100.0
218	S	232	60.11	0.0	100.0
219	E	233	149.13	0.0	100.0
220	N	234	137.29	0.0	100.0
221	D	235	41.69	0.0	100.0
222	E	236	156.85	0.0	100.0
223	W	237	52.8	0.0	100.0
224	T	238	123.27	0.0	100.0
225	Q	239	70.75	0.0	100.0
226	D	240	144.0	0.0	100.0
227	R	241	64.27	0.0	100.0
228	A	242	85.9	0.0	100.0
229	K	243	58.17	0.0	100.0
230	P	244	0.5	0.0	100.0
231	V	245	29.12	0.0	100.0
232	T	246	66.36	0.0	100.0
233	Q	247	55.38	0.0	100.0
234	I	248	95.44	0.0	100.0
235	V	249	38.16	0.0	100.0
236	S	250	49.31	0.86	98.25593185966336
237	A	251	15.75	14.08	10.603174603174603
238	E	252	106.13	11.19	89.45632714595307
239	A	253	5.03	0.83	83.49900596421472
240	W	254	126.0	0.0	100.0
241	G	255	10.05	0.0	100.0
242	R	256	95.5	0.0	100.0
243	A	257	77.38	0.0	100.0
244	D	258	127.03	0.0	100.0
