	Residue	No	ASA	BSA	Availability
0	G	1	62.19	0.0	100.0
1	S	2	75.96	0.0	100.0
2	H	3	21.79	0.0	100.0
3	S	4	9.57	0.0	100.0
4	M	5	5.03	4.86	3.379721669980118
5	R	6	78.04	0.0	100.0
6	Y	7	16.97	16.02	5.59811431938715
7	F	8	79.35	57.39	27.674858223062376
8	F	9	7.16	6.99	2.3743016759776525
9	T	10	45.98	43.94	4.436711613745105
10	S	11	1.11	0.0	100.0
11	V	12	45.27	35.72	21.095648332228855
12	S	13	20.5	0.0	100.0
13	R	14	84.66	0.0	100.0
14	P	15	50.17	0.0	100.0
15	G	16	83.79	0.0	100.0
16	R	17	210.84	0.0	100.0
17	G	18	58.27	0.0	100.0
18	E	19	104.17	0.0	100.0
19	P	20	25.05	0.0	100.0
20	R	21	72.89	9.53	86.92550418438744
21	F	22	3.94	0.0	100.0
22	I	23	56.78	48.64	14.336033814723494
23	A	24	0.32	0.0	100.0
24	V	25	29.96	29.47	1.6355140186915953
25	G	26	0.0	0.0	1.6355140186915953
26	Y	27	71.77	39.1	45.52041242859133
27	V	28	0.0	0.0	45.52041242859133
28	D	29	26.65	0.0	100.0
29	D	30	52.37	0.0	100.0
30	T	31	24.69	0.0	100.0
31	Q	32	55.67	16.26	70.79216813364468
32	F	33	0.0	0.0	70.79216813364468
33	V	34	0.67	0.0	100.0
34	R	35	60.1	24.75	58.818635607321134
35	F	36	7.54	0.0	100.0
36	D	37	12.9	1.51	88.29457364341086
37	S	38	33.51	0.0	100.0
38	D	39	72.28	0.0	100.0
39	A	40	26.41	0.0	100.0
40	A	41	105.93	0.0	100.0
41	S	42	58.62	0.0	100.0
42	Q	43	79.15	0.0	100.0
43	R	44	89.43	0.0	100.0
44	M	45	11.0	6.19	43.72727272727273
45	E	46	32.51	0.0	100.0
46	P	47	46.83	0.0	100.0
47	R	48	110.77	4.24	96.17224880382776
48	A	49	5.56	0.0	100.0
49	P	50	103.02	0.0	100.0
50	W	51	13.06	0.0	100.0
51	I	52	0.33	0.0	100.0
52	E	53	112.68	0.0	100.0
53	Q	54	121.43	0.0	100.0
54	E	55	12.89	5.77	55.2366175329713
55	G	56	36.95	5.19	85.95399188092016
56	P	57	107.34	0.0	100.0
57	E	58	150.74	66.48	55.89757197824068
58	Y	59	24.44	22.49	7.978723404255331
59	W	60	27.35	0.0	100.0
60	D	61	73.83	0.0	100.0
61	G	62	11.69	1.67	85.71428571428571
62	E	63	28.45	25.22	11.353251318101936
63	T	64	9.88	0.0	100.0
64	R	65	158.74	90.46	43.013733148544794
65	K	66	103.76	103.76	0.0
66	V	67	3.42	3.42	0.0
67	K	68	96.45	12.17	87.38206324520476
68	A	69	54.56	54.56	0.0
69	H	70	42.04	41.88	0.3805899143672612
70	S	71	27.88	0.0	100.0
71	Q	72	82.27	56.58	31.226449495563386
72	T	73	63.07	63.07	0.0
73	H	74	0.0	0.0	0.0
74	R	75	126.28	0.0	100.0
75	V	76	84.41	29.46	65.09892192868143
76	D	77	31.83	31.83	0.0
77	L	78	13.71	0.0	100.0
78	G	79	41.84	0.0	100.0
79	T	80	51.91	17.59	66.11442881910999
80	L	81	6.86	6.86	0.0
81	R	82	88.57	0.0	100.0
82	G	83	52.32	0.0	100.0
83	Y	84	65.59	3.79	94.2216801341668
84	Y	85	77.95	0.0	100.0
85	N	86	139.73	0.0	100.0
86	Q	87	53.45	3.2	94.01309635173058
87	S	88	74.12	0.0	100.0
88	E	89	131.32	0.0	100.0
89	A	90	90.44	0.0	100.0
90	G	91	28.47	0.0	100.0
91	S	92	68.7	23.34	66.02620087336244
92	H	93	34.56	7.38	78.64583333333334
93	T	94	38.69	34.37	11.165675885241665
94	V	95	0.0	0.0	11.165675885241665
95	Q	96	75.7	75.31	0.5151915455746374
96	R	97	33.65	30.88	8.231797919762258
97	M	98	37.5	14.4	61.6
98	Y	99	23.42	23.26	0.6831767719897529
99	G	100	0.33	0.0	100.0
100	C	101	0.0	0.0	100.0
101	D	102	19.58	0.0	100.0
102	V	103	0.0	0.0	100.0
103	G	104	8.54	0.0	100.0
104	S	105	93.49	0.0	100.0
105	D	106	96.22	0.0	100.0
106	W	107	59.65	0.0	100.0
107	R	108	174.48	0.0	100.0
108	F	109	70.61	0.0	100.0
109	L	110	89.28	0.0	100.0
110	R	111	104.87	0.0	100.0
111	G	112	6.09	0.0	100.0
112	Y	113	30.84	0.0	100.0
113	H	114	2.69	1.33	50.55762081784386
114	Q	115	75.98	19.09	74.87496709660437
115	Y	116	10.85	10.22	5.806451612903217
116	A	117	17.9	17.9	0.0
117	Y	118	14.43	0.0	100.0
118	D	119	63.32	56.38	10.96020214782059
119	G	120	61.22	57.51	6.060111074812155
120	K	121	151.39	42.14	72.16460796618006
121	D	122	115.51	21.05	81.77646956973422
122	Y	123	5.31	2.34	55.932203389830505
123	I	124	2.26	0.17	92.47787610619469
124	A	125	29.2	0.0	100.0
125	L	126	15.01	0.0	100.0
126	K	127	96.48	0.0	100.0
127	E	128	129.0	0.0	100.0
128	D	129	84.45	0.0	100.0
129	L	130	3.68	0.0	100.0
130	R	131	162.66	0.0	100.0
131	S	132	40.8	0.0	100.0
132	W	133	9.47	0.0	100.0
133	T	134	70.2	0.0	100.0
134	A	135	24.96	0.0	100.0
135	A	136	56.3	0.0	100.0
136	D	137	62.11	0.0	100.0
137	M	138	169.94	0.0	100.0
138	A	139	17.38	0.0	100.0
139	A	140	0.0	0.0	100.0
140	Q	141	62.12	0.0	100.0
141	T	142	56.85	0.0	100.0
142	T	143	14.27	14.27	0.0
143	K	144	39.35	0.0	100.0
144	H	145	111.3	0.0	100.0
145	K	146	110.43	12.1	89.04283256361497
146	W	147	49.29	47.45	3.7330087238790757
147	E	148	97.28	0.0	100.0
148	A	149	81.9	7.73	90.56166056166056
149	A	150	64.02	64.02	0.0
150	H	151	108.75	33.28	69.39770114942529
151	V	152	36.45	36.45	0.0
152	A	153	11.3	0.0	100.0
153	E	154	78.33	18.94	75.82024767011363
154	Q	155	118.6	118.6	0.0
155	L	156	21.57	21.57	0.0
156	R	157	47.38	0.0	100.0
157	A	158	65.39	50.93	22.113473008105217
158	Y	159	58.02	58.02	0.0
159	L	160	0.0	0.0	0.0
160	E	161	84.29	0.0	100.0
161	G	162	17.69	9.33	47.25833804409271
162	T	163	59.04	59.04	0.0
163	C	164	0.17	0.17	0.0
164	V	165	4.68	0.0	100.0
165	E	166	96.76	47.03	51.3952046300124
166	W	167	89.74	86.99	3.0644082906173393
167	L	168	0.0	0.0	3.0644082906173393
168	R	169	81.28	0.0	100.0
169	R	170	102.31	11.85	88.41755449125208
170	Y	171	6.45	5.67	12.093023255813957
171	L	172	0.0	0.0	12.093023255813957
172	E	173	92.04	0.0	100.0
173	N	174	45.93	0.0	100.0
174	G	175	2.18	0.0	100.0
175	K	176	132.94	0.0	100.0
176	E	177	156.81	0.0	100.0
177	T	178	35.2	0.0	100.0
178	L	179	3.53	0.0	100.0
179	Q	180	81.62	0.0	100.0
180	R	181	68.76	0.0	100.0
181	T	182	77.83	0.0	100.0
182	D	183	45.88	0.0	100.0
183	A	184	50.47	0.0	100.0
184	P	185	12.01	0.0	100.0
185	K	186	139.07	0.0	100.0
186	T	187	41.48	0.0	100.0
187	H	188	83.3	0.31	99.62785114045619
188	M	189	18.18	0.0	100.0
189	T	190	32.98	5.14	84.41479684657368
190	H	191	58.93	0.0	100.0
191	H	192	112.59	35.84	68.16768807176481
192	A	193	61.11	0.0	100.0
193	V	194	123.68	0.0	100.0
194	S	195	63.35	0.0	100.0
195	D	196	138.44	0.0	100.0
196	H	197	153.52	0.0	100.0
197	E	198	76.06	0.0	100.0
198	A	199	0.66	0.0	100.0
199	T	200	19.0	0.0	100.0
200	L	201	0.5	0.0	100.0
201	R	202	71.1	36.61	48.50914205344585
202	C	203	0.17	0.0	100.0
203	W	204	47.61	31.71	33.39634530560806
204	A	205	0.0	0.0	33.39634530560806
205	L	206	48.71	19.42	60.13138985834531
206	S	207	35.92	2.45	93.17928730512249
207	F	208	0.0	0.0	93.17928730512249
208	Y	209	4.73	0.0	100.0
209	P	210	22.43	0.0	100.0
210	A	211	24.19	0.0	100.0
211	E	212	130.79	0.0	100.0
212	I	213	16.15	0.0	100.0
213	T	214	53.06	0.0	100.0
214	L	215	9.78	0.0	100.0
215	T	216	40.53	0.0	100.0
216	W	217	1.39	0.0	100.0
217	Q	218	23.62	0.0	100.0
218	R	219	83.14	0.0	100.0
219	D	220	101.35	0.0	100.0
220	G	221	43.98	0.0	100.0
221	E	222	130.24	0.0	100.0
222	D	223	101.4	0.0	100.0
223	Q	224	42.33	0.0	100.0
224	T	225	96.97	0.0	100.0
225	Q	226	163.49	0.0	100.0
226	D	227	60.23	0.0	100.0
227	T	228	42.82	0.0	100.0
228	E	229	104.92	0.0	100.0
229	L	230	95.56	0.0	100.0
230	V	231	41.51	16.06	61.310527583714766
231	E	232	152.4	80.86	46.94225721784777
232	T	233	44.35	10.01	77.42953776775649
233	R	234	96.01	88.56	7.759608374127698
234	P	235	98.34	69.64	29.184462070368113
235	A	236	47.68	44.87	5.893456375838931
236	G	237	71.87	45.06	37.30346458884096
237	D	238	107.65	39.04	63.73432419879239
238	G	239	39.87	0.0	100.0
239	T	240	11.82	0.0	100.0
240	F	241	28.47	0.0	100.0
241	Q	242	42.42	37.68	11.173974540311178
242	K	243	22.22	0.0	100.0
243	W	244	25.02	20.72	17.18625099920064
244	A	245	0.34	0.0	100.0
245	A	246	4.18	0.0	100.0
246	V	247	0.84	0.0	100.0
247	V	248	66.34	0.0	100.0
248	V	249	0.0	0.0	100.0
249	P	250	64.02	0.0	100.0
250	S	251	51.99	0.0	100.0
251	G	252	55.68	0.0	100.0
252	Q	253	68.58	0.0	100.0
253	E	254	33.01	0.0	100.0
254	Q	255	105.8	0.0	100.0
255	R	256	122.59	0.0	100.0
256	Y	257	7.75	0.0	100.0
257	T	258	29.43	0.0	100.0
258	C	259	0.0	0.0	100.0
259	H	260	50.48	0.0	100.0
260	V	261	0.34	0.0	100.0
261	Q	262	92.17	0.0	100.0
262	H	263	18.4	0.0	100.0
263	E	264	114.1	0.0	100.0
264	G	265	20.5	0.0	100.0
265	L	266	25.94	0.0	100.0
266	P	267	130.42	0.0	100.0
267	K	268	165.99	0.0	100.0
268	P	269	83.26	0.0	100.0
269	L	270	60.88	0.0	100.0
270	T	271	79.11	0.0	100.0
271	L	272	47.26	0.0	100.0
272	R	273	136.84	0.0	100.0
273	W	274	94.75	0.0	100.0
274	E	275	175.31	0.0	100.0
