 1 E ALA 3 125.76 0.00 0.12 0.00 
 2 E GLY 4 30.68 0.00 0.48 0.00 
 3 E VAL 5 16.67 0.00 -0.16 0.00 
 4 E THR 6 83.27 0.00 0.53 0.00 
 5 E GLN 7 0.85 0.00 -0.01 0.00 
 6 E THR 8 64.88 0.00 0.51 0.00 
 7 E PRO 9 34.29 0.00 0.55 0.00 
 8 E LYS 10 90.57 0.00 -0.56 0.00 
 9 E PHE 11 30.74 0.00 0.24 0.00 
 10 E GLN 12 40.09 0.00 -0.40 0.00 
 11 E VAL 13 12.84 0.00 0.02 0.00 
 12 E LEU 14 7.86 0.00 0.13 0.00 
 13 E LYS 15 85.83 0.00 -1.12 0.00 
 14 E THR 16 55.55 0.00 0.80 0.00 
 15 E GLY 17 57.63 0.00 0.47 0.00 
 16 E GLN 18 74.89 0.00 0.09 0.00 
 17 E SER 19 52.78 0.00 -0.37 0.00 
 18 E MET 20 42.98 0.00 1.10 0.00 
 19 E THR 21 46.82 0.00 0.54 0.00 
 20 E LEU 22 0.00 0.00 0.00 0.00 
 21 E GLN 23 81.17 0.00 -0.05 0.00 
 22 E CYS 24 0.53 0.00 -0.01 0.00 
 23 E ALA 25 31.98 0.00 0.51 0.00 
 24 E GLN 27 4.06 0.00 0.02 0.00 
 25 E ASP 28 103.99 0.00 0.25 0.00 
 26 E MET 29 48.06 0.00 0.72 0.00 
 27 E ASN 37 102.89 0.00 -0.61 0.00 
 28 E HIS 38 9.83 0.00 -0.31 0.00 
 29 E GLU 39 58.94 0.00 0.46 0.00 
 30 E TYR 40 50.85 22.68 0.45 -0.02 
 31 E MET 41 0.00 0.00 0.00 0.00 
 32 E SER 42 2.45 0.00 -0.03 0.00 
 33 E TRP 43 0.00 0.00 0.00 0.00 
 34 E TYR 44 54.87 49.86 0.03 -0.05 
 35 E ARG 45 29.68 0.00 -0.27 0.00 
 36 E GLN 46 53.90 33.05 -0.62 0.49 
 37 E ASP 47 36.59 0.00 -0.03 0.00 
 38 E PRO 48 125.78 0.00 1.71 0.00 
 39 E GLY 49 96.83 25.21 0.21 0.18 
 40 E MET 50 112.50 6.12 2.72 -0.00 
 41 E GLY 51 51.15 37.53 0.41 -0.39 
 42 E LEU 52 76.18 65.88 0.32 -0.41 
 43 E ARG 53 155.84 0.00 -1.70 0.00 
 44 E LEU 54 62.80 34.17 0.71 -0.52 
 45 E ILE 55 20.76 0.00 -0.11 0.00 
 46 E HIS 56 25.93 0.00 -0.37 0.00 
 47 E TYR 57 70.74 58.75 0.07 -0.04 
 48 E SER 58 0.00 0.00 0.00 0.00 
 49 E VAL 63 82.11 23.11 1.01 -0.37 
 50 E GLY 64 10.36 0.00 0.17 0.00 
 51 E ALA 65 55.75 0.00 0.29 0.00 
 52 E GLY 66 61.96 0.00 0.16 0.00 
 53 E ILE 67 85.23 0.00 1.36 0.00 
 54 E THR 68 26.70 0.00 -0.06 0.00 
 55 E ASP 69 82.31 0.00 -0.39 0.00 
 56 E GLN 70 85.57 0.00 -0.40 0.00 
 57 E GLY 71 57.09 0.00 0.39 0.00 
 58 E GLU 72 125.38 0.00 0.18 0.00 
 59 E VAL 73 127.65 0.00 1.81 0.00 
 60 E PRO 74 124.50 0.00 1.50 0.00 
 61 E ASN 75 72.03 0.00 -0.18 0.00 
 62 E GLY 76 21.39 0.00 0.11 0.00 
 63 E TYR 77 12.87 0.00 0.16 0.00 
 64 E ASN 78 74.19 0.00 -0.56 0.00 
 65 E VAL 79 20.56 0.00 -0.13 0.00 
 66 E SER 80 55.78 0.00 0.57 0.00 
 67 E ARG 81 8.25 0.00 -0.04 0.00 
 68 E SER 83 99.17 0.00 0.28 0.00 
 69 E THR 84 64.18 0.00 0.96 0.00 
 70 E THR 85 38.65 0.00 -0.09 0.00 
 71 E GLU 86 76.28 0.00 -0.01 0.00 
 72 E ASP 87 54.89 0.00 -0.12 0.00 
 73 E PHE 88 0.00 0.00 0.00 0.00 
 74 E PRO 89 31.35 0.00 0.49 0.00 
 75 E LEU 90 0.00 0.00 0.00 0.00 
 76 E ARG 91 115.96 0.00 -1.98 0.00 
 77 E LEU 92 0.17 0.00 0.00 0.00 
 78 E LEU 93 65.36 0.00 0.68 0.00 
 79 E SER 94 75.27 0.00 0.11 0.00 
 80 E ALA 95 2.45 0.00 -0.03 0.00 
 81 E ALA 96 31.37 0.00 0.50 0.00 
 82 E PRO 97 73.25 0.00 1.11 0.00 
 83 E SER 98 80.33 0.00 0.63 0.00 
 84 E GLN 99 2.35 0.00 -0.02 0.00 
 85 E THR 100 57.54 0.00 0.10 0.00 
 86 E SER 101 9.93 0.00 0.16 0.00 
 87 E VAL 102 27.95 0.00 0.45 0.00 
 88 E TYR 103 0.00 0.00 0.00 0.00 
 89 E PHE 104 40.19 34.63 0.64 -0.55 
 90 E CYS 105 0.00 0.00 0.00 0.00 
 91 E ALA 106 0.80 0.00 0.01 0.00 
 92 E SER 107 0.31 0.00 0.00 0.00 
 93 E SER 108 3.94 0.00 0.02 0.00 
 94 E TYR 109 110.53 0.00 0.70 0.00 
 95 E GLN 113 123.11 0.00 -0.36 0.00 
 96 E GLY 114 64.68 24.80 0.06 0.28 
 97 E THR 115 97.62 41.49 0.78 -0.28 
 98 E GLU 116 114.95 70.77 -0.26 -0.17 
 99 E ALA 117 52.13 42.30 0.31 -0.15 
 100 E PHE 118 80.24 9.79 1.28 -0.16 
 101 E PHE 119 92.87 66.38 0.74 -0.97 
 102 E GLY 120 10.71 1.48 -0.05 0.02 
 103 E GLN 121 105.56 0.54 0.12 0.00 
 104 E GLY 122 5.24 0.00 0.02 0.00 
 105 E THR 123 0.00 0.00 0.00 0.00 
 106 E ARG 124 88.98 0.00 -1.03 0.00 
 107 E LEU 125 2.59 0.00 -0.02 0.00 
 108 E THR 126 18.67 0.00 0.10 0.00 
 109 E VAL 127 7.12 0.00 -0.08 0.00 
 110 E VAL 128 4.01 0.00 0.06 0.00 
 111 E GLU 129 114.48 0.00 0.49 0.00 
 112 E ASP 130 63.61 0.00 -0.15 0.00 
 113 E LEU 131 34.13 0.00 0.55 0.00 
 114 E ASN 132 53.62 0.00 -0.04 0.00 
 115 E LYS 133 83.25 0.00 -1.30 0.00 
 116 E VAL 134 2.69 0.00 0.00 0.00 
 117 E PHE 135 74.98 0.00 1.20 0.00 
 118 E PRO 136 38.43 0.00 0.42 0.00 
 119 E PRO 137 5.66 0.00 -0.03 0.00 
 120 E GLU 138 123.88 3.44 -0.33 0.04 
 121 E VAL 139 21.78 0.00 -0.19 0.00 
 122 E ALA 140 40.74 29.37 0.65 -0.47 
 123 E VAL 141 23.67 23.38 -0.23 0.23 
 124 E PHE 142 100.78 96.25 1.58 -1.51 
 125 E GLU 143 91.16 61.30 -0.40 0.11 
 126 E PRO 144 21.35 3.12 -0.17 -0.03 
 127 E SER 145 62.91 48.07 0.32 -0.34 
 128 E GLU 146 148.93 0.00 -0.23 0.00 
 129 E ALA 147 66.71 42.76 0.96 -0.68 
 130 E GLU 148 31.29 31.29 0.39 -0.59 
 131 E ILE 149 23.76 0.00 0.38 0.00 
 132 E SER 150 87.72 0.00 0.54 0.00 
 133 E HIS 151 163.94 83.67 -0.11 -0.12 
 134 E THR 152 52.20 23.84 0.60 -0.38 
 135 E GLN 153 120.70 0.00 -0.21 0.00 
 136 E LYS 154 100.12 79.30 -0.81 0.47 
 137 E ALA 155 0.00 0.00 0.00 0.00 
 138 E THR 156 33.37 29.86 0.33 -0.27 
 139 E LEU 157 0.00 0.00 0.00 0.00 
 140 E VAL 158 47.76 47.76 0.76 -0.76 
 141 E CYS 159 0.00 0.00 0.00 0.00 
 142 E LEU 160 65.71 55.37 1.00 -0.89 
 143 E ALA 161 0.00 0.00 0.00 0.00 
 144 E THR 162 48.77 7.95 0.50 0.07 
 145 E GLY 163 3.18 0.00 0.05 0.00 
 146 E PHE 164 0.00 0.00 0.00 0.00 
 147 E TYR 165 13.67 0.00 -0.06 0.00 
 148 E PRO 166 1.17 0.00 0.02 0.00 
 149 E ASP 167 26.20 0.00 -0.08 0.00 
 150 E HIS 168 1.17 0.00 -0.03 0.00 
 151 E VAL 169 24.54 0.00 -0.14 0.00 
 152 E GLU 170 73.65 0.00 -0.07 0.00 
 153 E LEU 171 29.39 0.00 -0.29 0.00 
 154 E SER 172 26.93 0.00 0.20 0.00 
 155 E TRP 173 2.38 0.00 0.01 0.00 
 156 E TRP 174 72.21 0.00 1.12 0.00 
 157 E VAL 175 18.93 0.00 0.24 0.00 
 158 E ASN 176 74.25 0.00 0.19 0.00 
 159 E GLY 177 54.67 0.00 0.26 0.00 
 160 E LYS 178 149.31 0.00 -0.20 0.00 
 161 E GLU 179 80.83 0.00 -0.70 0.00 
 162 E VAL 180 43.47 0.00 0.62 0.00 
 163 E HIS 181 135.06 13.94 0.36 -0.21 
 164 E SER 182 100.89 64.86 0.49 -0.26 
 165 E GLY 183 38.27 36.43 0.25 -0.22 
 166 E VAL 184 47.28 11.23 0.14 0.07 
 167 E CYS 185 67.86 59.36 2.05 -1.80 
 168 E THR 186 45.92 24.00 0.28 -0.05 
 169 E ASP 187 47.98 36.28 -0.38 0.36 
 170 E PRO 188 132.16 67.38 1.34 -0.89 
 171 E GLN 189 141.63 6.52 -0.38 -0.10 
 172 E PRO 190 30.21 0.00 0.21 0.00 
 173 E LEU 191 134.06 102.86 2.13 -1.65 
 174 E LYS 192 67.89 6.72 0.11 0.07 
 175 E GLU 193 46.82 23.66 0.16 -0.33 
 176 E GLN 194 131.20 43.34 -0.11 0.55 
 177 E PRO 195 115.52 19.47 1.15 -0.31 
 178 E ALA 196 54.20 0.00 0.82 0.00 
 179 E LEU 197 176.36 0.00 2.23 0.00 
 180 E ASN 198 93.06 0.00 -0.37 0.00 
 181 E ASP 199 51.79 0.00 -0.25 0.00 
 182 E SER 200 12.51 0.00 0.19 0.00 
 183 E ARG 201 92.09 0.00 -1.81 0.00 
 184 E TYR 202 42.25 0.00 -0.09 0.00 
 185 E ALA 203 16.66 16.66 0.27 -0.27 
 186 E LEU 204 15.25 1.58 0.24 -0.02 
 187 E SER 205 22.79 22.50 0.14 -0.14 
 188 E SER 206 0.00 0.00 0.00 0.00 
 189 E ARG 207 95.86 92.87 -1.55 1.56 
 190 E LEU 208 7.37 0.00 0.12 0.00 
 191 E ARG 209 114.72 108.45 -1.59 1.70 
 192 E VAL 210 39.68 4.69 0.63 -0.08 
 193 E SER 211 52.25 5.41 0.52 -0.00 
 194 E ALA 212 1.90 0.00 0.02 0.00 
 195 E THR 213 100.71 0.00 0.62 0.00 
 196 E PHE 214 66.03 0.00 1.06 0.00 
 197 E TRP 215 7.71 0.00 -0.03 0.00 
 198 E GLN 216 61.96 0.00 -0.53 0.00 
 199 E ASP 217 40.45 0.00 -0.08 0.00 
 200 E PRO 218 72.00 0.00 0.95 0.00 
 201 E ARG 219 177.60 0.00 -1.37 0.00 
 202 E ASN 220 6.45 0.00 -0.08 0.00 
 203 E HIS 221 26.79 0.00 -0.28 0.00 
 204 E PHE 222 0.64 0.00 0.01 0.00 
 205 E ARG 223 59.88 0.00 -1.22 0.00 
 206 E CYS 224 0.00 0.00 0.00 0.00 
 207 E GLN 225 36.05 0.00 -0.37 0.00 
 208 E VAL 226 0.00 0.00 0.00 0.00 
 209 E GLN 227 52.18 0.00 -0.25 0.00 
 210 E PHE 228 0.00 0.00 0.00 0.00 
 211 E TYR 229 41.86 0.00 0.44 0.00 
 212 E GLY 230 14.61 0.00 -0.16 0.00 
 213 E LEU 231 8.21 0.00 0.08 0.00 
 214 E SER 232 62.51 0.00 0.43 0.00 
 215 E GLU 233 122.32 0.00 0.54 0.00 
 216 E ASN 234 142.12 0.00 -0.76 0.00 
 217 E ASP 235 48.94 0.00 -0.15 0.00 
 218 E GLU 236 158.51 0.00 -0.09 0.00 
 219 E TRP 237 55.00 0.00 0.16 0.00 
 220 E THR 238 119.86 0.00 0.91 0.00 
 221 E GLN 239 102.86 0.00 -0.84 0.00 
 222 E ASP 240 137.01 0.00 -0.55 0.00 
 223 E ARG 241 198.51 0.00 -2.11 0.00 
 224 E ALA 242 84.46 0.00 1.12 0.00 
 225 E LYS 243 55.91 0.00 0.21 0.00 
 226 E PRO 244 1.67 0.00 0.03 0.00 
 227 E VAL 245 37.59 0.00 0.60 0.00 
 228 E THR 246 62.61 0.00 0.30 0.00 
 229 E GLN 247 60.94 0.00 -0.04 0.00 
 230 E ILE 248 87.51 0.00 0.71 0.00 
 231 E VAL 249 34.26 0.00 0.55 0.00 
 232 E SER 250 45.65 0.00 -0.49 0.00 
 233 E ALA 251 18.17 0.16 0.29 -0.00 
 234 E GLU 252 88.77 34.31 -0.53 0.15 
 235 E ALA 253 6.37 3.86 0.10 -0.06 
 236 E TRP 254 120.51 0.00 1.46 0.00 
 237 E GLY 255 0.37 0.00 -0.00 0.00 
 238 E ARG 256 129.41 0.00 -1.90 0.00 
 239 E ALA 257 68.18 0.00 0.59 0.00 
 240 E ASP 258 155.13 0.00 -0.66 0.00 
 1 D ILE 3 69.24 0.00 0.03 0.00 
 2 D GLN 4 131.58 0.00 -0.30 0.00 
 3 D VAL 5 14.01 0.00 -0.11 0.00 
 4 D GLU 6 80.95 0.00 0.64 0.00 
 5 D GLN 7 11.04 0.00 -0.11 0.00 
 6 D SER 8 50.54 0.67 0.33 0.01 
 7 D PRO 9 47.98 0.00 0.76 0.00 
 8 D PRO 10 77.75 0.00 1.24 0.00 
 9 D ASP 11 98.54 0.00 -0.38 0.00 
 10 D LEU 12 33.85 0.00 0.50 0.00 
 11 D ILE 13 114.53 0.00 1.36 0.00 
 12 D LEU 14 28.19 0.00 0.45 0.00 
 13 D GLN 15 64.72 0.00 0.34 0.00 
 14 D GLU 16 55.14 0.00 -0.20 0.00 
 15 D GLY 17 47.10 0.00 0.32 0.00 
 16 D ALA 18 44.52 0.00 0.69 0.00 
 17 D ASN 19 74.47 0.00 -0.92 0.00 
 18 D SER 20 27.68 0.00 0.22 0.00 
 19 D THR 21 61.63 12.18 0.12 -0.09 
 20 D LEU 22 0.82 0.00 0.01 0.00 
 21 D ARG 23 110.51 30.54 -2.09 0.75 
 22 D CYS 24 0.00 0.00 0.00 0.00 
 23 D ASN 25 60.05 0.00 -0.38 0.00 
 24 D PHE 27 2.45 0.00 -0.03 0.00 
 25 D SER 28 54.55 0.00 0.13 0.00 
 26 D ASP 29 47.78 0.00 -0.64 0.00 
 27 D SER 37 35.03 0.00 0.12 0.00 
 28 D VAL 38 21.63 0.00 -0.23 0.00 
 29 D ASN 39 82.63 1.93 -0.64 0.03 
 30 D ASN 40 44.11 29.18 -0.49 0.31 
 31 D LEU 41 0.00 0.00 0.00 0.00 
 32 D GLN 42 29.76 29.61 -0.34 0.35 
 33 D TRP 43 0.00 0.00 0.00 0.00 
 34 D PHE 44 18.76 18.45 0.30 -0.30 
 35 D HIS 45 19.63 0.00 0.26 0.00 
 36 D GLN 46 48.96 33.86 -0.53 0.43 
 37 D ASN 47 32.79 0.00 -0.07 0.00 
 38 D PRO 48 76.03 28.31 0.43 -0.09 
 39 D TRP 49 215.25 76.89 1.93 -0.47 
 40 D GLY 50 41.60 7.13 0.37 0.07 
 41 D GLN 51 115.44 1.84 -0.61 -0.03 
 42 D LEU 52 90.59 63.53 0.65 -0.91 
 43 D ILE 53 78.62 0.00 1.26 0.00 
 44 D ASN 54 86.51 54.92 -0.39 0.44 
 45 D LEU 55 22.25 0.00 0.12 0.00 
 46 D PHE 56 8.09 0.79 0.13 -0.01 
 47 D TYR 57 105.52 59.28 1.11 -0.66 
 48 D ILE 58 0.84 0.00 0.01 0.00 
 49 D PRO 64 32.26 0.00 0.42 0.00 
 50 D SER 65 89.18 0.00 0.10 0.00 
 51 D GLY 66 37.64 10.02 0.52 -0.16 
 52 D THR 67 104.24 33.96 0.59 -0.20 
 53 D LYS 68 87.34 0.31 -0.19 0.00 
 54 D GLN 69 134.69 0.43 -0.39 0.01 
 55 D ASN 70 77.69 0.00 -0.68 0.00 
 56 D GLY 71 76.90 0.00 0.30 0.00 
 57 D ARG 72 72.70 0.00 -0.33 0.00 
 58 D LEU 73 28.48 0.00 0.46 0.00 
 59 D SER 74 31.24 6.53 0.12 -0.10 
 60 D ALA 75 6.00 2.77 0.07 -0.03 
 61 D THR 76 37.70 11.70 0.31 -0.10 
 62 D THR 77 1.34 0.00 -0.02 0.00 
 63 D VAL 78 66.88 1.00 1.07 -0.02 
 64 D ALA 79 25.37 0.00 0.21 0.00 
 65 D THR 80 129.75 0.00 0.45 0.00 
 66 D GLU 81 105.87 21.78 -0.59 0.08 
 67 D ARG 82 86.26 0.00 -0.86 0.00 
 68 D TYR 83 53.90 18.94 -0.06 0.09 
 69 D SER 84 0.00 0.00 0.00 0.00 
 70 D LEU 85 47.03 23.35 0.75 -0.37 
 71 D LEU 86 0.00 0.00 0.00 0.00 
 72 D TYR 87 95.15 27.20 0.79 -0.23 
 73 D ILE 88 0.17 0.00 0.00 0.00 
 74 D SER 89 34.26 0.00 0.13 0.00 
 75 D SER 90 46.92 0.00 0.44 0.00 
 76 D SER 91 1.10 0.00 -0.01 0.00 
 77 D GLN 92 74.07 0.00 -0.36 0.00 
 78 D THR 93 33.35 0.00 0.34 0.00 
 79 D THR 94 90.27 0.00 0.85 0.00 
 80 D ASP 95 11.25 0.00 -0.04 0.00 
 81 D SER 96 23.20 0.00 0.24 0.00 
 82 D GLY 97 12.74 0.00 0.15 0.00 
 83 D VAL 98 23.38 0.00 0.37 0.00 
 84 D TYR 99 5.65 0.00 -0.02 0.00 
 85 D PHE 100 36.28 33.62 0.58 -0.54 
 86 D CYS 101 0.00 0.00 0.00 0.00 
 87 D ALA 102 0.00 0.00 0.00 0.00 
 88 D VAL 103 0.12 0.00 -0.00 0.00 
 89 D ASP 104 10.94 0.00 -0.05 0.00 
 90 D SER 105 9.00 0.00 -0.04 0.00 
 91 D ALA 106 54.22 0.00 0.09 0.00 
 92 D THR 107 89.12 0.00 0.50 0.00 
 93 D SER 108 53.62 0.00 0.41 0.00 
 94 D GLY 109 67.86 1.60 0.23 0.02 
 95 D THR 110 81.06 15.57 0.89 -0.25 
 96 D TYR 111 208.72 77.93 1.23 -0.34 
 97 D LYS 112 114.63 51.13 -0.63 -0.76 
 98 D TYR 113 62.07 47.38 0.38 -0.25 
 99 D ILE 114 54.63 0.33 0.87 -0.01 
 100 D PHE 115 99.36 82.19 1.05 -1.21 
 101 D GLY 116 8.00 5.77 -0.06 0.07 
 102 D THR 117 88.05 10.80 0.21 0.02 
 103 D GLY 118 0.00 0.00 0.00 0.00 
 104 D THR 119 0.42 0.00 -0.00 0.00 
 105 D ARG 120 97.83 18.37 0.07 0.40 
 106 D LEU 121 4.97 0.00 -0.03 0.00 
 107 D LYS 122 93.74 0.00 0.09 0.00 
 108 D VAL 123 6.26 0.00 -0.07 0.00 
 109 D LEU 124 30.79 0.00 0.49 0.00 
 110 D ALA 125 1.70 0.00 -0.02 0.00 
 111 D ASN 126 71.99 0.00 -0.42 0.00 
 112 D ILE 127 28.59 0.00 0.20 0.00 
 113 D GLN 128 150.22 0.00 -0.33 0.00 
 114 D ASN 129 124.64 0.00 -0.54 0.00 
 115 D PRO 130 73.79 0.00 0.67 0.00 
 116 D ASP 131 93.61 39.11 -0.60 0.38 
 117 D PRO 132 9.91 0.00 0.13 0.00 
 118 D ALA 133 3.18 2.35 0.05 -0.04 
 119 D VAL 134 3.84 0.00 0.01 0.00 
 120 D TYR 135 83.73 82.99 0.53 -0.52 
 121 D GLN 136 102.05 17.21 -0.69 0.20 
 122 D LEU 137 75.95 75.02 1.17 -1.16 
 123 D ARG 138 141.93 32.81 -0.33 0.17 
 124 D ASP 139 51.43 39.07 -0.25 0.12 
 125 D SER 140 89.55 76.79 0.61 -0.44 
 126 D LYS 141 175.15 17.92 -0.00 -0.29 
 127 D SER 142 109.08 0.00 0.24 0.00 
 128 D SER 143 32.29 0.00 -0.05 0.00 
 129 D ASP 144 136.46 0.00 -0.67 0.00 
 130 D LYS 145 132.84 28.96 -0.41 0.40 
 131 D SER 146 34.97 7.30 -0.00 -0.02 
 132 D VAL 147 43.89 43.17 0.68 -0.69 
 133 D CYS 148 2.48 0.00 0.10 0.00 
 134 D LEU 149 47.19 47.02 0.76 -0.75 
 135 D PHE 150 1.41 0.00 0.02 0.00 
 136 D THR 151 9.12 8.42 -0.01 0.01 
 137 D ASP 152 47.45 31.26 -0.43 0.42 
 138 D PHE 153 0.37 0.00 -0.00 0.00 
 139 D ASP 154 52.98 0.00 -0.25 0.00 
 140 D SER 155 7.98 0.00 -0.02 0.00 
 141 D GLN 156 124.48 0.00 0.17 0.00 
 142 D THR 157 25.76 0.00 0.41 0.00 
 143 D ASN 158 101.46 20.34 -0.77 0.25 
 144 D VAL 159 18.62 0.00 -0.15 0.00 
 145 D SER 160 40.42 4.30 0.19 -0.01 
 146 D GLN 161 130.22 20.29 0.09 0.25 
 147 D SER 162 27.23 0.00 -0.26 0.00 
 148 D LYS 163 175.95 16.22 -0.38 -0.13 
 149 D ASP 164 71.48 0.00 -0.44 0.00 
 150 D SER 165 102.14 46.56 0.24 -0.23 
 151 D ASP 166 45.82 0.00 -0.03 0.00 
 152 D VAL 167 22.89 0.00 0.33 0.00 
 153 D TYR 168 94.27 64.00 0.71 -0.53 
 154 D ILE 169 12.53 8.98 -0.04 0.05 
 155 D THR 170 56.35 47.80 0.77 -0.68 
 156 D ASP 171 105.40 12.70 -0.30 -0.04 
 157 D LYS 172 43.36 0.00 0.10 0.00 
 158 D CYS 173 81.37 71.54 2.55 -2.39 
 159 D VAL 174 53.76 10.91 0.33 0.10 
 160 D LEU 175 85.25 80.45 1.36 -1.29 
 161 D ASP 176 65.66 16.75 -0.17 0.17 
 162 D MET 177 95.02 81.44 1.99 -1.58 
 163 D ARG 178 220.32 53.96 -1.92 0.35 
 164 D SER 179 115.50 0.00 0.39 0.00 
 165 D MET 180 126.62 28.67 2.72 -0.85 
 166 D ASP 181 117.00 0.00 -0.47 0.00 
 167 D PHE 182 70.56 22.12 1.13 -0.35 
 168 D LYS 183 46.08 0.00 0.07 0.00 
 169 D SER 184 11.18 7.38 -0.03 0.07 
 170 D ASN 185 10.49 0.00 -0.11 0.00 
 171 D SER 186 16.55 12.86 0.05 0.01 
 172 D ALA 187 2.51 2.34 0.04 -0.04 
 173 D VAL 188 44.86 44.86 0.72 -0.72 
 174 D ALA 189 0.00 0.00 0.00 0.00 
 175 D TRP 190 110.05 83.53 1.27 -1.16 
 176 D SER 191 18.04 0.00 -0.17 0.00 
 177 D ASN 192 128.14 0.00 -0.82 0.00 
 178 D LYS 193 114.66 0.00 -0.81 0.00 
 179 D SER 194 121.11 0.00 0.10 0.00 
 180 D ASP 195 136.45 0.00 -0.60 0.00 
 181 D PHE 196 53.24 0.00 0.29 0.00 
 182 D ALA 197 56.57 0.00 0.80 0.00 
 183 D CYS 198 22.68 0.00 0.22 0.00 
 184 D ALA 199 61.51 0.00 0.73 0.00 
 185 D ASN 200 79.79 13.59 -0.64 0.02 
 186 D ALA 201 9.08 0.00 -0.05 0.00 
 187 D PHE 202 5.66 0.00 0.07 0.00 
 188 D ASN 203 104.18 39.17 -0.50 0.20 
 189 D ASN 204 78.17 24.50 -0.48 0.11 
 190 D SER 205 10.07 1.74 -0.00 -0.01 
 191 D ILE 206 166.55 69.36 2.37 -1.11 
 192 D ILE 207 40.02 7.44 0.17 0.08 
 193 D PRO 208 33.81 2.93 0.38 -0.05 
 194 D GLU 209 180.89 30.05 -0.28 0.09 
 195 D ASP 210 105.28 0.00 0.21 0.00 
 196 D THR 211 13.47 0.00 -0.11 0.00 
 197 D PHE 212 105.26 33.11 1.68 -0.53 
 198 D PHE 213 81.64 0.00 0.61 0.00 
 199 D PRO 214 60.72 17.07 0.59 -0.27 
 200 D SER 215 169.50 0.00 0.40 0.00 
