	Residue	No	ASA	BSA	Availability
0	G	1	61.73	0.0	100.0
1	S	2	67.44	0.0	100.0
2	H	3	24.18	0.0	100.0
3	S	4	17.44	0.0	100.0
4	M	5	3.83	3.33	13.054830287206265
5	R	6	47.89	0.0	100.0
6	Y	7	23.98	22.61	5.71309424520434
7	F	8	78.7	52.83	32.87166454891995
8	F	9	6.17	6.01	2.5931928687196133
9	T	10	39.69	35.42	10.758377425044083
10	S	11	2.13	0.0	100.0
11	V	12	45.36	32.45	28.46119929453262
12	S	13	25.45	0.0	100.0
13	R	14	69.79	0.0	100.0
14	P	15	63.98	0.0	100.0
15	G	16	67.75	0.0	100.0
16	R	17	177.35	5.24	97.04539047082041
17	G	18	61.84	0.0	100.0
18	E	19	100.95	0.0	100.0
19	P	20	24.99	0.0	100.0
20	R	21	65.16	1.9	97.0841006752609
21	F	22	7.84	0.0	100.0
22	I	23	59.29	50.93	14.100185528756956
23	A	24	0.5	0.0	100.0
24	V	25	31.18	30.05	3.624118024374596
25	G	26	0.0	0.0	3.624118024374596
26	Y	27	64.85	35.77	44.84194294525828
27	V	28	0.0	0.0	44.84194294525828
28	D	29	36.41	0.0	100.0
29	D	30	56.21	0.0	100.0
30	T	31	28.98	0.0	100.0
31	Q	32	44.72	13.71	69.34257602862253
32	F	33	0.0	0.0	69.34257602862253
33	V	34	0.49	0.0	100.0
34	R	35	52.98	11.77	77.78406946017364
35	F	36	11.74	0.0	100.0
36	D	37	15.6	0.0	100.0
37	S	38	50.63	0.0	100.0
38	D	39	82.61	0.0	100.0
39	A	40	27.37	0.0	100.0
40	A	41	108.37	0.0	100.0
41	S	42	45.77	0.0	100.0
42	Q	43	115.12	0.0	100.0
43	R	44	101.18	0.0	100.0
44	M	45	6.91	1.83	73.51664254703329
45	E	46	44.57	0.0	100.0
46	P	47	49.1	0.0	100.0
47	R	48	126.07	27.43	78.24224637106369
48	A	49	10.19	0.0	100.0
49	P	50	94.16	0.0	100.0
50	W	51	18.66	0.0	100.0
51	I	52	0.17	0.0	100.0
52	E	53	102.03	0.0	100.0
53	Q	54	127.6	0.0	100.0
54	E	55	19.21	0.0	100.0
55	G	56	36.45	0.0	100.0
56	P	57	113.62	0.0	100.0
57	E	58	156.64	0.0	100.0
58	Y	59	29.33	11.08	62.222979884077745
59	W	60	30.0	0.0	100.0
60	D	61	57.09	0.0	100.0
61	G	62	22.71	16.57	27.036547776309998
62	E	63	27.17	26.21	3.5333087964666943
63	T	64	7.21	0.0	100.0
64	R	65	165.91	48.2	70.94810439394851
65	K	66	119.39	119.39	0.0
66	V	67	10.21	10.05	1.5670910871694428
67	K	68	70.54	0.0	100.0
68	A	69	45.7	45.7	0.0
69	H	70	38.5	38.48	0.05194805194806007
70	S	71	24.33	0.0	100.0
71	Q	72	106.16	59.16	44.27279577995479
72	T	73	71.29	71.29	0.0
73	H	74	0.0	0.0	0.0
74	R	75	125.19	0.0	100.0
75	V	76	99.03	28.76	70.95829546602039
76	D	77	36.69	36.69	0.0
77	L	78	12.35	0.0	100.0
78	G	79	38.52	0.0	100.0
79	T	80	47.42	12.64	73.34458034584563
80	L	81	12.89	12.56	2.5601241272304116
81	R	82	86.14	0.0	100.0
82	G	83	48.48	0.0	100.0
83	Y	84	72.35	0.31	99.57152729785763
84	Y	85	78.7	0.0	100.0
85	N	86	139.25	0.0	100.0
86	Q	87	51.22	4.93	90.37485357282313
87	S	88	68.25	0.0	100.0
88	E	89	127.84	0.0	100.0
89	A	90	82.82	0.0	100.0
90	G	91	33.63	0.0	100.0
91	S	92	64.19	9.95	84.49914316871786
92	H	93	26.83	12.78	52.366753633991806
93	T	94	32.63	28.46	12.779650628256208
94	V	95	2.01	2.01	0.0
95	Q	96	71.93	71.78	0.20853607674128413
96	R	97	25.99	25.27	2.7702962677953016
97	M	98	43.31	13.8	68.13668898637728
98	Y	99	30.57	30.57	0.0
99	G	100	0.17	0.0	100.0
100	C	101	0.0	0.0	100.0
101	D	102	19.12	0.0	100.0
102	V	103	0.0	0.0	100.0
103	G	104	12.57	0.0	100.0
104	S	105	78.8	0.0	100.0
105	D	106	87.28	0.0	100.0
106	W	107	56.94	0.0	100.0
107	R	108	145.4	0.0	100.0
108	F	109	62.63	0.0	100.0
109	L	110	111.03	0.0	100.0
110	R	111	110.37	0.0	100.0
111	G	112	5.73	0.0	100.0
112	Y	113	39.41	0.0	100.0
113	H	114	15.13	15.13	0.0
114	Q	115	55.24	20.17	63.48660391020999
115	Y	116	33.92	33.21	2.093160377358493
116	A	117	19.92	18.14	8.935742971887555
117	Y	118	17.03	0.0	100.0
118	D	119	67.48	57.96	14.107883817427389
119	G	120	61.82	58.76	4.94985441604659
120	K	121	139.37	27.82	80.03874578460214
121	D	122	106.51	23.28	78.14289738052766
122	Y	123	17.39	10.79	37.95284646348477
123	I	124	1.91	0.33	82.72251308900523
124	A	125	27.76	0.0	100.0
125	L	126	18.19	0.0	100.0
126	K	127	90.11	0.0	100.0
127	E	128	122.16	0.0	100.0
128	D	129	80.27	0.0	100.0
129	L	130	10.37	0.0	100.0
130	R	131	171.98	0.0	100.0
131	S	132	25.85	0.0	100.0
132	W	133	3.88	0.0	100.0
133	T	134	75.31	0.0	100.0
134	A	135	23.9	0.0	100.0
135	A	136	53.33	0.0	100.0
136	D	137	57.06	0.0	100.0
137	M	138	145.23	0.0	100.0
138	A	139	14.98	0.0	100.0
139	A	140	0.0	0.0	100.0
140	Q	141	46.95	0.0	100.0
141	T	142	60.42	0.0	100.0
142	T	143	14.91	14.91	0.0
143	K	144	37.87	0.0	100.0
144	H	145	116.26	0.0	100.0
145	K	146	106.31	73.84	30.542752328097073
146	W	147	45.96	45.96	0.0
147	E	148	78.74	0.0	100.0
148	A	149	84.44	12.08	85.69398389388915
149	A	150	68.91	67.17	2.5250326512842767
150	H	151	116.27	27.51	76.33955448524985
151	V	152	31.77	31.77	0.0
152	A	153	10.3	0.0	100.0
153	E	154	96.62	76.75	20.565100393293317
154	Q	155	135.32	135.32	0.0
155	L	156	16.02	16.02	0.0
156	R	157	78.79	21.24	73.04226424673182
157	A	158	67.08	59.88	10.733452593917704
158	Y	159	60.84	56.82	6.6074950690335355
159	L	160	0.0	0.0	6.6074950690335355
160	E	161	83.93	5.16	93.85201954009294
161	G	162	22.9	11.38	50.305676855895186
162	T	163	64.17	64.17	0.0
163	C	164	1.5	1.34	10.666666666666663
164	V	165	11.11	0.0	100.0
165	E	166	116.24	74.12	36.235375086028895
166	W	167	86.61	63.32	26.89065927721972
167	L	168	0.0	0.0	26.89065927721972
168	R	169	59.81	0.0	100.0
169	R	170	107.07	0.0	100.0
170	Y	171	6.28	3.93	37.42038216560509
171	L	172	0.0	0.0	37.42038216560509
172	E	173	113.02	0.0	100.0
173	N	174	48.63	0.0	100.0
174	G	175	20.3	0.0	100.0
175	K	176	120.36	0.0	100.0
176	E	177	150.32	0.0	100.0
177	T	178	41.71	0.0	100.0
178	L	179	4.66	0.0	100.0
179	Q	180	67.14	0.0	100.0
180	R	181	75.76	0.0	100.0
181	T	182	70.23	0.0	100.0
182	D	183	41.34	0.0	100.0
183	A	184	45.7	0.0	100.0
184	P	185	14.28	0.0	100.0
185	K	186	138.79	0.0	100.0
186	T	187	40.06	0.0	100.0
187	H	188	87.49	4.37	95.00514344496513
188	M	189	27.41	0.0	100.0
189	T	190	37.91	11.4	69.92877868636243
190	H	191	55.16	0.0	100.0
191	H	192	94.34	29.16	69.09052363790545
192	A	193	70.37	0.0	100.0
193	V	194	99.26	0.0	100.0
194	S	195	53.52	0.0	100.0
195	D	196	139.74	0.0	100.0
196	H	197	117.44	0.0	100.0
197	E	198	60.7	0.0	100.0
198	A	199	0.0	0.0	100.0
199	T	200	22.15	0.0	100.0
200	L	201	0.0	0.0	100.0
201	R	202	53.45	39.84	25.463049579045833
202	C	203	0.49	0.0	100.0
203	W	204	44.99	26.96	40.07557234941098
204	A	205	0.34	0.0	100.0
205	L	206	44.9	17.59	60.82405345211581
206	S	207	38.14	0.0	100.0
207	F	208	0.0	0.0	100.0
208	Y	209	5.64	0.0	100.0
209	P	210	25.65	0.0	100.0
210	A	211	21.67	0.0	100.0
211	E	212	132.38	0.0	100.0
212	I	213	14.57	0.0	100.0
213	T	214	65.91	0.0	100.0
214	L	215	11.28	0.0	100.0
215	T	216	47.39	0.0	100.0
216	W	217	3.56	0.0	100.0
217	Q	218	36.99	0.0	100.0
218	R	219	83.58	0.0	100.0
219	D	220	75.41	0.0	100.0
220	G	221	64.39	0.0	100.0
221	E	222	142.49	0.0	100.0
222	D	223	77.91	0.0	100.0
223	Q	224	30.43	0.0	100.0
224	T	225	117.77	0.0	100.0
225	Q	226	129.06	0.0	100.0
226	D	227	99.17	0.0	100.0
227	T	228	44.76	0.0	100.0
228	E	229	109.92	0.0	100.0
229	L	230	101.73	0.0	100.0
230	V	231	38.83	16.07	58.61447334535153
231	E	232	154.91	72.92	52.927506293977146
232	T	233	34.21	3.93	88.51213095586085
233	R	234	85.85	82.16	4.2981945253348846
234	P	235	98.24	70.61	28.124999999999993
235	A	236	22.8	17.78	22.01754385964912
236	G	237	92.92	59.42	36.05251829530779
237	D	238	106.39	34.46	67.60973775730803
238	G	239	38.66	0.0	100.0
239	T	240	13.37	0.0	100.0
240	F	241	31.89	0.0	100.0
241	Q	242	39.42	36.83	6.57026889903603
242	K	243	22.34	0.0	100.0
243	W	244	32.93	22.77	30.853325235347707
244	A	245	2.68	0.0	100.0
245	A	246	7.32	0.0	100.0
246	V	247	2.05	0.0	100.0
247	V	248	54.58	0.0	100.0
248	V	249	0.98	0.0	100.0
249	P	250	55.81	0.0	100.0
250	S	251	43.18	0.0	100.0
251	G	252	72.16	0.0	100.0
252	Q	253	65.89	0.0	100.0
253	E	254	30.01	0.0	100.0
254	Q	255	100.32	0.0	100.0
255	R	256	100.74	0.0	100.0
256	Y	257	9.69	0.0	100.0
257	T	258	13.74	0.0	100.0
258	C	259	0.0	0.0	100.0
259	H	260	38.43	0.0	100.0
260	V	261	0.83	0.0	100.0
261	Q	262	89.94	0.0	100.0
262	H	263	9.34	0.0	100.0
263	E	264	115.25	0.0	100.0
264	G	265	14.09	0.0	100.0
265	L	266	24.65	0.0	100.0
266	P	267	129.36	0.0	100.0
267	K	268	132.52	0.0	100.0
268	P	269	67.29	0.0	100.0
269	L	270	72.8	0.0	100.0
270	T	271	74.13	0.0	100.0
271	L	272	31.45	0.0	100.0
272	R	273	122.69	0.0	100.0
273	W	274	59.35	0.0	100.0
274	E	275	132.98	0.0	100.0
275	P	276	161.85	0.0	100.0
