125.76
30.68
16.67
83.27
0.85
64.88
34.29
90.57
30.74
40.09
12.84
7.86
85.83
55.55
57.63
74.89
52.78
42.98
46.82
0
81.17
0.53
31.98
4.06
103.99
48.06
102.89
9.83
58.94
50.85
0
2.45
0
54.87
29.68
53.9
36.59
125.78
96.83
112.5
51.15
76.18
155.84
62.8
20.76
25.93
70.74
0
82.11
10.36
55.75
61.96
85.23
26.7
82.31
85.57
57.09
125.38
127.65
124.5
72.03
21.39
12.87
74.19
20.56
55.78
8.25
99.17
64.18
38.65
76.28
54.89
0
31.35
0
115.96
0.17
65.36
75.27
2.45
31.37
73.25
80.33
2.35
57.54
9.93
27.95
0
40.19
0
0.8
0.31
3.94
110.53
123.11
64.68
97.62
114.95
52.13
80.24
92.87
10.71
105.56
5.24
0
88.98
2.59
18.67
7.12
4.01
114.48
63.61
34.13
53.62
83.25
2.69
74.98
38.43
5.66
123.88
21.78
40.74
23.67
100.78
91.16
21.35
62.91
148.93
66.71
31.29
23.76
87.72
163.94
52.2
120.7
100.12
0
33.37
0
47.76
0
65.71
0
48.77
3.18
0
13.67
1.17
26.2
1.17
24.54
73.65
29.39
26.93
2.38
72.21
18.93
74.25
54.67
149.31
80.83
43.47
135.06
100.89
38.27
47.28
67.86
45.92
47.98
132.16
141.63
30.21
134.06
67.89
46.82
131.2
115.52
54.2
176.36
93.06
51.79
12.51
92.09
42.25
16.66
15.25
22.79
0
95.86
7.37
114.72
39.68
52.25
1.9
100.71
66.03
7.71
61.96
40.45
72
177.6
6.45
26.79
0.64
59.88
0
36.05
0
52.18
0
41.86
14.61
8.21
62.51
122.32
142.12
48.94
158.51
55
119.86
102.86
137.01
198.51
84.46
55.91
1.67
37.59
62.61
60.94
87.51
34.26
45.65
18.17
88.77
6.37
120.51
0.37
129.41
68.18
155.13
69.24
131.58
14.01
80.95
11.04
50.54
47.98
77.75
98.54
33.85
114.53
28.19
64.72
55.14
47.1
44.52
74.47
27.68
61.63
0.82
110.51
0
60.05
2.45
54.55
47.78
35.03
21.63
82.63
44.11
0
29.76
0
18.76
19.63
48.96
32.79
76.03
215.25
41.6
115.44
90.59
78.62
86.51
22.25
8.09
105.52
0.84
32.26
89.18
37.64
104.24
87.34
134.69
77.69
76.9
72.7
28.48
31.24
6
37.7
1.34
66.88
25.37
129.75
105.87
86.26
53.9
0
47.03
0
95.15
0.17
34.26
46.92
1.1
74.07
33.35
90.27
11.25
23.2
12.74
23.38
5.65
36.28
0
0
0.12
10.94
9
54.22
89.12
53.62
67.86
81.06
208.72
114.63
62.07
54.63
99.36
8
88.05
0
0.42
97.83
4.97
93.74
6.26
30.79
1.7
71.99
28.59
150.22
124.64
73.79
93.61
9.91
3.18
3.84
83.73
102.05
75.95
141.93
51.43
89.55
175.15
109.08
32.29
136.46
132.84
34.97
43.89
2.48
47.19
1.41
9.12
47.45
0.37
52.98
7.98
124.48
25.76
101.46
18.62
40.42
130.22
27.23
175.95
71.48
102.14
45.82
22.89
94.27
12.53
56.35
105.4
43.36
81.37
53.76
85.25
65.66
95.02
220.32
115.5
126.62
117
70.56
46.08
11.18
10.49
16.55
2.51
44.86
0
110.05
18.04
128.14
114.66
121.11
136.45
53.24
56.57
22.68
61.51
79.79
9.08
5.66
104.18
78.17
10.07
166.55
40.02
33.81
180.89
105.28
13.47
105.26
81.64
60.72
169.5
