	Residue	No	ASA	BSA	Availability
0	I	2	69.24	0.0	100.0
1	Q	3	131.58	0.0	100.0
2	V	4	14.01	0.0	100.0
3	E	5	80.95	0.0	100.0
4	Q	6	11.04	0.0	100.0
5	S	7	50.54	0.0	100.0
6	P	8	47.98	0.0	100.0
7	P	9	77.75	0.0	100.0
8	D	10	98.54	0.0	100.0
9	L	11	33.85	0.0	100.0
10	I	12	114.53	0.0	100.0
11	L	13	28.19	0.0	100.0
12	Q	14	64.72	0.0	100.0
13	E	15	55.14	0.0	100.0
14	G	16	47.1	0.0	100.0
15	A	17	44.52	0.0	100.0
16	N	18	74.47	0.0	100.0
17	S	19	27.68	0.0	100.0
18	T	20	61.63	0.0	100.0
19	L	21	0.82	0.0	100.0
20	R	22	110.51	0.0	100.0
21	C	23	0.0	0.0	100.0
22	N	24	60.05	0.0	100.0
23	F	25	2.45	0.0	100.0
24	S	26	54.55	0.0	100.0
25	D	27	47.78	9.37	80.38928421933863
26	S	28	35.03	34.52	1.4558949471881186
27	V	29	21.63	20.28	6.241331484049921
28	N	37	82.63	82.63	0.0
29	N	38	44.11	39.93	9.476309226932669
30	L	39	0.0	0.0	9.476309226932669
31	Q	40	29.76	29.61	0.5040322580645232
32	W	41	0.0	0.0	0.5040322580645232
33	F	42	18.76	18.45	1.6524520255863662
34	H	43	19.63	0.0	100.0
35	Q	44	48.96	33.86	30.841503267973856
36	N	45	32.79	0.0	100.0
37	P	46	76.03	28.31	62.76469814546889
38	W	47	215.25	76.89	64.27874564459931
39	G	48	41.6	7.13	82.86057692307692
40	Q	49	115.44	1.84	98.40609840609841
41	L	50	90.59	63.53	29.870846671818086
42	I	51	78.62	0.0	100.0
43	N	52	86.51	54.92	36.51600970986013
44	L	53	22.25	0.0	100.0
45	F	54	8.09	0.79	90.23485784919654
46	Y	55	105.52	105.52	0.0
47	I	56	0.84	0.17	79.76190476190476
48	P	57	32.26	31.64	1.9218846869187771
49	S	58	89.18	64.97	27.14734245346491
50	G	64	37.64	3.02	91.97662061636555
51	T	65	104.24	0.0	100.0
52	K	66	87.34	23.97	72.55553011220518
53	Q	67	134.69	0.0	100.0
54	N	68	77.69	0.0	100.0
55	G	74	76.9	0.0	100.0
56	R	75	72.7	0.0	100.0
57	L	76	28.48	0.0	100.0
58	S	77	31.24	0.0	100.0
59	A	78	6.0	0.0	100.0
60	T	79	37.7	0.0	100.0
61	T	80	1.34	0.0	100.0
62	V	81	66.88	0.0	100.0
63	A	82	25.37	9.51	62.51478123768231
64	T	83	129.75	31.27	75.89980732177264
65	E	84	105.87	0.0	100.0
66	R	85	86.26	16.38	81.01089728727105
67	Y	86	53.9	0.0	100.0
68	S	87	0.0	0.0	100.0
69	L	88	47.03	0.0	100.0
70	L	89	0.0	0.0	100.0
71	Y	90	95.15	0.0	100.0
72	I	91	0.17	0.0	100.0
73	S	92	34.26	0.0	100.0
74	S	93	46.92	0.0	100.0
75	S	94	1.1	0.0	100.0
76	Q	95	74.07	0.0	100.0
77	T	96	33.35	0.0	100.0
78	T	97	90.27	0.0	100.0
79	D	98	11.25	0.0	100.0
80	S	99	23.2	0.0	100.0
81	G	100	12.74	0.0	100.0
82	V	101	23.38	0.0	100.0
83	Y	102	5.65	0.0	100.0
84	F	103	36.28	33.62	7.33186328555679
85	C	104	0.0	0.0	7.33186328555679
86	A	105	0.0	0.0	7.33186328555679
87	V	106	0.12	0.0	100.0
88	D	107	10.94	4.65	57.49542961608775
89	S	108	9.0	4.18	53.55555555555556
90	A	109	54.22	54.22	0.0
91	T	110	89.12	85.15	4.454667863554755
92	S	111	53.62	15.6	70.90637821708317
93	G	112	67.86	59.91	11.715296198054823
94	T	113	81.06	29.12	64.07599309153713
95	Y	114	208.72	208.72	0.0
96	K	115	114.63	51.13	55.39562069266335
97	Y	116	62.07	47.38	23.66682777509263
98	I	117	54.63	0.33	99.39593629873697
99	F	118	99.36	82.19	17.28059581320451
100	G	119	8.0	5.77	27.875000000000007
101	T	120	88.05	10.8	87.73424190800682
102	G	121	0.0	0.0	87.73424190800682
103	T	122	0.42	0.0	100.0
104	R	123	97.83	18.37	81.22252887662272
105	L	124	4.97	0.0	100.0
106	K	125	93.74	0.0	100.0
107	V	126	6.26	0.0	100.0
108	L	127	30.79	0.0	100.0
109	A	128	1.7	0.0	100.0
110	N	129	71.99	0.0	100.0
111	I	130	28.59	0.0	100.0
112	Q	131	150.22	0.0	100.0
113	N	132	124.64	0.0	100.0
114	P	133	73.79	0.0	100.0
115	D	134	96.06	40.95	57.370393504059955
116	P	135	83.86	1.58	98.11590746482233
117	A	136	23.31	6.54	71.94337194337194
118	V	137	104.24	0.0	100.0
119	Y	138	114.3	101.42	11.268591426071737
120	Q	139	123.1	17.5	85.78391551584077
121	L	140	75.95	75.02	1.2244897959183763
122	R	141	141.93	32.81	76.88297047840484
123	D	142	51.43	39.07	24.032665759284463
124	S	143	89.55	54.94	38.64879955332216
125	K	144	175.15	0.0	100.0
126	S	145	109.08	0.0	100.0
127	S	146	32.29	0.0	100.0
128	D	147	136.46	0.0	100.0
129	K	148	132.84	28.96	78.19933754893104
130	S	149	34.97	7.3	79.12496425507578
131	V	150	43.89	43.17	1.6404647983595324
132	C	151	28.26	0.0	100.0
133	L	152	47.19	47.02	0.3602458147912579
134	F	153	62.75	0.0	100.0
135	T	154	9.12	8.42	7.6754385964912215
136	D	155	47.45	31.26	34.12012644889357
137	F	156	1.37	0.0	100.0
138	D	157	52.98	0.0	100.0
139	S	158	7.98	0.0	100.0
140	Q	159	124.48	0.0	100.0
141	T	160	67.02	0.0	100.0
142	N	161	121.78	0.0	100.0
143	V	162	35.09	0.0	100.0
144	S	163	86.51	0.0	100.0
145	Q	164	140.52	20.29	85.56077426700827
146	S	165	37.09	0.0	100.0
147	K	166	187.44	0.0	100.0
148	D	167	71.48	0.0	100.0
149	S	168	102.14	46.56	54.41550812610143
150	D	169	45.82	0.0	100.0
151	V	170	27.58	0.0	100.0
152	Y	171	94.27	64.0	32.109897104062796
153	I	172	41.94	8.98	78.58845970433951
154	T	173	56.35	47.8	15.17302573203195
155	D	174	105.4	12.7	87.9506641366224
156	K	175	43.36	0.0	100.0
157	C	176	81.37	71.54	12.080619392896642
158	V	177	53.76	10.91	79.70610119047619
159	L	178	85.25	80.45	5.630498533724337
160	D	179	65.66	16.75	74.48979591836734
161	M	180	95.02	81.44	14.291728057251104
162	R	181	220.32	53.96	75.50835148874364
163	S	182	115.5	0.0	100.0
164	M	183	126.62	28.67	77.35744748065076
165	D	184	117.0	0.0	100.0
166	F	185	70.56	22.12	68.65079365079364
167	K	186	46.08	0.0	100.0
168	S	187	11.18	7.38	33.98926654740608
169	N	188	10.49	0.0	100.0
170	S	189	16.55	12.86	22.29607250755288
171	A	190	4.51	2.34	48.11529933481153
172	V	191	46.0	44.86	2.4782608695652186
173	A	192	21.57	0.0	100.0
174	W	193	110.05	83.53	24.098137210358924
175	S	194	18.04	0.0	100.0
176	N	195	128.14	0.0	100.0
177	K	196	114.66	0.0	100.0
178	S	197	121.11	0.0	100.0
179	D	198	136.45	0.0	100.0
180	F	199	65.39	0.0	100.0
181	A	200	131.23	0.0	100.0
