	Residue	No	ASA	BSA	Availability
0	A	2	125.76	0.0	100.0
1	G	3	30.68	0.0	100.0
2	V	4	16.67	0.0	100.0
3	T	5	83.27	0.0	100.0
4	Q	6	0.85	0.0	100.0
5	T	7	64.88	0.0	100.0
6	P	8	34.29	0.0	100.0
7	K	9	90.57	0.0	100.0
8	F	10	30.74	0.0	100.0
9	Q	11	40.09	0.0	100.0
10	V	12	12.84	0.0	100.0
11	L	13	7.86	0.0	100.0
12	K	14	85.83	0.0	100.0
13	T	15	55.55	0.0	100.0
14	G	16	57.63	0.0	100.0
15	Q	17	74.89	0.0	100.0
16	S	18	52.78	0.0	100.0
17	M	19	42.98	0.0	100.0
18	T	20	46.82	0.0	100.0
19	L	21	0.0	0.0	100.0
20	Q	22	81.17	0.0	100.0
21	C	23	0.53	0.0	100.0
22	A	24	31.98	0.0	100.0
23	Q	25	4.06	0.0	100.0
24	D	26	103.99	0.0	100.0
25	M	27	48.06	0.0	100.0
26	N	28	102.89	0.0	100.0
27	H	29	9.83	0.0	100.0
28	E	37	58.94	33.33	43.450967085171364
29	Y	38	50.85	31.69	37.67944936086529
30	M	39	0.0	0.0	37.67944936086529
31	S	40	2.45	0.0	100.0
32	W	41	0.0	0.0	100.0
33	Y	42	54.87	49.86	9.13067249863313
34	R	43	29.68	0.0	100.0
35	Q	44	53.9	33.05	38.68274582560297
36	D	45	36.59	0.0	100.0
37	P	46	125.78	0.0	100.0
38	G	47	96.83	25.21	73.96468036765465
39	M	48	112.5	6.12	94.56
40	G	49	51.15	37.53	26.62756598240469
41	L	50	76.18	65.88	13.52060908374903
42	R	51	155.84	0.0	100.0
43	L	52	62.8	34.17	45.58917197452229
44	I	53	20.76	0.0	100.0
45	H	54	25.93	0.0	100.0
46	Y	55	70.74	58.75	16.94939214023183
47	S	56	0.0	0.0	16.94939214023183
48	V	57	82.11	82.11	0.0
49	G	58	10.36	8.03	22.490347490347492
50	A	63	55.75	0.0	100.0
51	G	64	61.96	0.0	100.0
52	I	65	85.23	52.28	38.66009621025461
53	T	66	26.7	0.0	100.0
54	D	67	82.31	8.54	89.62458996476735
55	Q	68	85.57	0.0	100.0
56	G	69	57.09	0.0	100.0
57	E	70	125.38	0.0	100.0
58	V	71	127.65	0.0	100.0
59	P	72	124.5	0.0	100.0
60	N	74	72.03	0.0	100.0
61	G	75	21.39	0.0	100.0
62	Y	76	12.87	0.0	100.0
63	N	77	74.19	0.0	100.0
64	V	78	20.56	0.0	100.0
65	S	79	55.78	0.0	100.0
66	R	80	8.25	0.0	100.0
67	S	81	99.17	0.0	100.0
68	T	83	64.18	0.0	100.0
69	T	84	38.65	0.0	100.0
70	E	85	76.28	0.0	100.0
71	D	86	54.89	0.0	100.0
72	F	87	0.0	0.0	100.0
73	P	88	31.35	0.0	100.0
74	L	89	0.0	0.0	100.0
75	R	90	115.96	0.0	100.0
76	L	91	0.17	0.0	100.0
77	L	92	65.36	0.0	100.0
78	S	93	75.27	0.0	100.0
79	A	94	2.45	0.0	100.0
80	A	95	31.37	0.0	100.0
81	P	96	73.25	0.0	100.0
82	S	97	80.33	0.0	100.0
83	Q	98	2.35	0.0	100.0
84	T	99	57.54	0.0	100.0
85	S	100	9.93	0.0	100.0
86	V	101	27.95	0.0	100.0
87	Y	102	0.0	0.0	100.0
88	F	103	40.19	34.63	13.834287136103496
89	C	104	0.0	0.0	13.834287136103496
90	A	105	0.8	0.0	100.0
91	S	106	0.31	0.0	100.0
92	S	107	3.94	0.0	100.0
93	Y	108	110.53	65.36	40.86673301366145
94	Q	109	123.11	123.11	0.0
95	G	113	64.68	64.68	0.0
96	T	114	97.62	97.62	0.0
97	E	115	114.95	79.87	30.517616354936926
98	A	116	52.13	42.3	18.856704392864003
99	F	117	80.24	9.79	87.79910269192422
100	F	118	92.87	66.38	28.52374286637236
101	G	119	10.71	1.48	86.18113912231559
102	Q	120	105.56	0.54	99.48844259189086
103	G	121	5.24	0.0	100.0
104	T	122	0.0	0.0	100.0
105	R	123	88.98	0.0	100.0
106	L	124	2.59	0.0	100.0
107	T	125	18.67	0.0	100.0
108	V	126	7.12	0.0	100.0
109	V	127	4.01	0.0	100.0
110	E	128	114.48	0.0	100.0
111	D	129	63.61	0.0	100.0
112	L	130	34.13	0.0	100.0
113	N	131	53.62	0.0	100.0
114	K	132	83.25	0.0	100.0
115	V	133	14.43	0.0	100.0
116	F	134	75.91	0.0	100.0
117	P	135	93.41	0.0	100.0
118	P	136	27.1	0.0	100.0
119	E	137	126.22	3.44	97.27459990492791
120	V	138	63.44	0.0	100.0
121	A	139	43.25	29.37	32.092485549132945
122	V	140	67.87	35.7	47.39944010608516
123	F	141	100.78	96.25	4.494939472117484
124	E	142	136.36	68.78	49.55998826635377
125	P	143	21.35	3.12	85.3864168618267
126	S	144	62.91	46.1	26.720712128437444
127	E	145	152.84	0.0	100.0
128	A	146	66.71	13.01	80.49767651026832
129	E	147	31.29	31.29	0.0
130	I	148	37.82	0.0	100.0
131	S	149	87.72	0.0	100.0
132	H	150	163.94	52.92	67.71989752348419
133	T	151	52.2	23.84	54.32950191570881
134	Q	152	120.7	0.0	100.0
135	K	153	100.12	79.3	20.795045944866168
136	A	154	0.0	0.0	20.795045944866168
137	T	155	33.37	29.86	10.518429727299965
138	L	156	3.51	0.0	100.0
139	V	157	47.76	47.76	0.0
140	C	158	0.0	0.0	0.0
141	L	159	65.71	55.37	15.735808857099373
142	A	160	0.0	0.0	15.735808857099373
143	T	161	48.77	7.95	83.69899528398605
144	G	162	3.18	0.0	100.0
145	F	163	0.0	0.0	100.0
146	Y	164	13.67	0.0	100.0
147	P	165	1.17	0.0	100.0
148	D	166	26.2	0.0	100.0
149	H	167	1.17	0.0	100.0
150	V	168	24.54	0.0	100.0
151	E	169	73.65	0.0	100.0
152	L	170	29.39	0.0	100.0
153	S	171	26.93	0.0	100.0
154	W	172	2.38	0.0	100.0
155	W	173	72.21	0.0	100.0
156	V	174	18.93	0.0	100.0
157	N	175	74.25	0.0	100.0
158	G	176	54.67	0.0	100.0
159	K	177	149.31	0.0	100.0
160	E	178	80.83	0.0	100.0
161	V	179	43.47	0.0	100.0
162	H	180	135.06	13.94	89.67866133570264
163	S	181	100.89	64.86	35.71216176033304
164	G	182	38.27	36.43	4.807943558923447
165	V	183	47.28	11.23	76.24788494077833
166	C	184	67.86	59.36	12.525788387857354
167	T	185	45.92	24.0	47.73519163763066
168	D	186	47.98	36.28	24.385160483534797
169	P	187	132.16	67.38	49.01634382566586
170	Q	188	141.63	6.52	95.396455553202
171	P	189	30.21	0.0	100.0
172	L	190	134.06	102.86	23.273161271072656
173	K	191	67.89	6.72	90.10163499779054
174	E	192	46.82	23.66	49.46604015378044
175	Q	193	131.2	43.34	66.96646341463413
176	P	194	115.52	19.47	83.1457756232687
177	A	195	54.2	0.0	100.0
178	L	196	176.36	0.0	100.0
179	N	197	93.06	0.0	100.0
180	D	198	51.79	0.0	100.0
181	S	199	12.51	0.0	100.0
182	R	200	92.09	0.0	100.0
183	Y	201	42.25	0.0	100.0
184	A	202	16.66	16.66	0.0
185	L	203	15.25	1.58	89.63934426229508
186	S	204	22.79	22.5	1.272487933304077
187	S	205	0.0	0.0	1.272487933304077
188	R	206	95.86	92.87	3.1191320675985756
189	L	207	7.37	0.0	100.0
190	R	208	114.72	108.45	5.465481171548114
191	V	209	39.68	4.69	88.1804435483871
192	S	210	52.25	5.41	89.64593301435407
193	A	211	1.9	0.0	100.0
194	T	212	100.71	0.0	100.0
195	F	213	66.03	0.0	100.0
196	W	214	56.77	0.0	100.0
197	Q	215	108.15	0.0	100.0
198	D	216	41.92	0.0	100.0
199	P	217	133.23	0.0	100.0
200	R	218	189.0	0.0	100.0
201	N	219	19.53	0.0	100.0
202	H	220	96.63	0.0	100.0
203	F	221	29.19	0.0	100.0
204	R	222	108.72	0.0	100.0
205	C	223	11.22	0.0	100.0
206	Q	224	75.12	0.0	100.0
207	V	225	26.87	0.0	100.0
208	Q	226	96.14	0.0	100.0
209	F	227	47.63	0.0	100.0
210	Y	228	57.39	0.0	100.0
211	G	229	28.75	0.0	100.0
212	L	230	69.37	0.0	100.0
213	S	231	70.79	0.0	100.0
214	E	232	172.08	0.0	100.0
215	N	233	142.12	0.0	100.0
216	D	234	63.35	0.0	100.0
217	E	235	158.51	0.0	100.0
218	W	236	100.97	0.0	100.0
219	T	237	119.86	0.0	100.0
220	Q	238	102.86	0.0	100.0
221	D	239	137.01	0.0	100.0
222	R	240	234.58	0.0	100.0
