	Residue	No	ASA	BSA	Availability
0	M	1	200.81	77.03	61.64035655594841
1	I	2	110.38	60.18	45.479253487950714
2	Q	3	104.99	0.0	100.0
3	R	4	88.79	6.03	93.20869467282351
4	T	5	74.86	0.0	100.0
5	P	6	11.1	0.0	100.0
6	K	7	136.21	9.03	93.37053079803245
7	I	8	29.96	0.0	100.0
8	Q	9	97.94	76.49	21.901163977945686
9	V	10	9.37	0.27	97.11846318036287
10	Y	11	60.25	58.58	2.771784232365148
11	S	12	20.82	5.64	72.91066282420749
12	R	13	117.44	83.12	29.223433242506808
13	H	14	100.67	9.73	90.33475712724743
14	P	15	115.18	21.42	81.40302135787462
15	A	16	28.44	0.0	100.0
16	E	17	98.41	0.0	100.0
17	N	18	79.21	0.0	100.0
18	G	19	62.49	0.0	100.0
19	K	20	119.26	0.0	100.0
20	S	21	59.87	0.0	100.0
21	N	22	5.16	0.0	100.0
22	F	23	55.63	0.0	100.0
23	L	24	0.17	0.0	100.0
24	N	25	10.83	10.83	0.0
25	C	26	0.0	0.0	0.0
26	Y	27	65.96	54.34	17.616737416616118
27	V	28	0.0	0.0	17.616737416616118
28	S	29	25.32	22.95	9.360189573459719
29	G	30	18.17	3.28	81.94826637314256
30	F	31	0.0	0.0	81.94826637314256
31	H	32	48.4	46.29	4.359504132231404
32	P	33	46.28	11.28	75.62662057044079
33	S	34	40.0	24.27	39.324999999999996
34	D	35	118.21	16.0	86.46476609423907
35	I	36	30.49	0.0	100.0
36	E	37	94.13	0.0	100.0
37	V	38	15.06	0.0	100.0
38	D	39	20.42	0.0	100.0
39	L	40	0.31	0.0	100.0
40	L	41	20.25	0.0	100.0
41	K	42	78.17	0.0	100.0
42	N	43	71.69	0.0	100.0
43	G	44	58.87	0.0	100.0
44	E	45	139.73	0.0	100.0
45	R	46	151.6	0.0	100.0
46	I	47	24.54	0.0	100.0
47	E	48	136.82	0.0	100.0
48	K	49	144.29	0.0	100.0
49	V	50	33.61	0.0	100.0
50	E	51	82.37	0.0	100.0
51	H	52	106.64	5.03	95.28319579894973
52	S	53	39.64	5.52	86.07467204843593
53	D	54	125.13	112.58	10.029569247982097
54	L	55	89.52	69.27	22.62064343163539
55	S	56	37.89	37.43	1.2140406439693874
56	F	57	103.99	95.49	8.173862871429947
57	S	58	51.32	4.89	90.47155105222136
58	K	59	206.69	2.78	98.6549905655813
59	D	60	61.23	1.6	97.38690184550057
60	W	61	169.5	161.6	4.6607669616519205
61	S	62	3.44	0.0	100.0
62	F	63	29.8	29.65	0.5033557046979937
63	Y	64	75.3	23.38	68.95086321381143
64	L	65	12.39	0.0	100.0
65	L	66	50.76	36.83	27.442868400315206
66	Y	67	30.02	0.0	100.0
67	Y	68	59.79	1.57	97.3741428332497
68	T	69	8.29	0.0	100.0
69	E	70	100.53	0.0	100.0
70	F	71	14.89	0.0	100.0
71	T	72	70.39	0.0	100.0
72	P	73	0.45	0.0	100.0
73	T	74	29.15	0.0	100.0
74	E	75	146.06	0.0	100.0
75	K	76	139.28	0.0	100.0
76	D	77	36.45	0.0	100.0
77	E	78	124.17	0.0	100.0
78	Y	79	11.84	0.0	100.0
79	A	80	10.16	0.0	100.0
80	C	81	0.0	0.0	100.0
81	R	82	52.82	0.0	100.0
82	V	83	0.0	0.0	100.0
83	N	84	42.67	0.0	100.0
84	H	85	11.43	0.0	100.0
85	V	86	99.89	0.0	100.0
86	T	87	42.35	0.0	100.0
87	L	88	34.09	0.0	100.0
88	S	89	107.76	0.0	100.0
89	Q	90	116.95	0.0	100.0
90	P	91	62.04	0.0	100.0
91	K	92	97.75	0.0	100.0
92	I	93	90.5	0.0	100.0
93	V	94	33.49	0.0	100.0
94	K	95	154.69	0.0	100.0
95	W	96	32.38	0.0	100.0
96	D	97	58.29	0.0	100.0
97	R	98	96.83	0.49	99.49395848394093
98	D	99	127.93	73.79	42.320018760259515
99	M	100	163.55	81.64	50.08254356465913
