	Residue	No	ASA	BSA	Availability
0	T	1	162.54	26.75	83.54251261228005
1	R	2	159.84	21.81	86.3551051051051
2	P	3	103.49	33.23	67.89061745096144
3	R	4	161.81	147.72	8.70774364995983
4	F	5	151.96	126.62	16.67544090550145
5	L	6	95.99	95.99	0.0
6	W	7	146.32	146.32	0.0
7	Q	8	64.14	59.66	6.984720922980986
8	L	9	83.97	83.97	0.0
9	K	10	95.11	89.78	5.60403743034381
10	F	11	81.42	81.42	0.0
11	E	12	42.85	29.54	31.061843640606774
12	C	13	37.49	35.17	6.188316884502535
13	H	14	65.19	32.61	49.976990335941096
14	F	15	63.44	63.32	0.18915510718789003
15	F	16	88.55	65.65	25.861095426312808
16	N	17	114.96	19.94	82.65483646485734
17	G	18	36.43	10.49	71.20505078232226
18	T	19	45.97	0.0	100.0
19	E	20	124.91	0.0	100.0
20	R	21	112.81	0.15	99.86703306444463
21	V	22	12.78	0.0	100.0
22	R	23	70.31	0.0	100.0
23	L	24	3.18	2.68	15.723270440251572
24	L	25	8.61	0.0	100.0
25	E	26	7.13	5.03	29.45301542776998
26	R	27	50.67	29.95	40.89204657588317
27	C	28	3.29	0.0	100.0
28	I	29	16.37	16.25	0.7330482590103908
29	Y	30	80.63	71.4	11.4473521021952
30	N	31	68.69	46.15	32.814092298733435
31	Q	32	155.38	104.06	33.028703822885824
32	E	33	107.88	0.0	100.0
33	E	34	28.4	10.55	62.852112676056336
34	S	35	7.22	5.9	18.282548476454284
35	V	36	0.62	0.17	72.58064516129032
36	R	37	67.31	0.0	100.0
37	F	38	0.0	0.0	100.0
38	D	39	10.89	0.0	100.0
39	S	40	26.06	0.0	100.0
40	D	41	94.07	0.0	100.0
41	V	42	73.03	0.0	100.0
42	G	43	14.7	0.0	100.0
43	E	44	54.68	0.0	100.0
44	Y	45	2.74	1.1	59.854014598540154
45	R	46	127.1	0.0	100.0
46	A	47	31.03	0.0	100.0
47	V	48	72.28	0.0	100.0
48	T	49	38.17	0.0	100.0
49	E	50	118.46	0.0	100.0
50	L	51	125.18	72.18	42.339031794216325
51	G	52	0.0	0.0	42.339031794216325
52	R	53	115.27	0.0	100.0
53	P	54	85.03	33.71	60.35516876396566
54	D	55	48.74	48.74	0.0
55	A	56	8.03	0.0	100.0
56	E	57	110.25	0.0	100.0
57	Y	58	130.17	59.44	54.336636705846196
58	W	59	57.52	57.52	0.0
59	N	60	38.68	0.0	100.0
60	S	61	86.27	0.0	100.0
61	Q	62	70.73	28.29	60.00282765446063
62	K	63	164.05	0.0	100.0
63	D	64	110.1	43.5	60.49046321525885
64	L	65	44.18	44.18	0.0
65	L	66	13.56	0.0	100.0
66	E	67	97.5	32.63	66.53333333333333
67	Q	68	87.99	72.98	17.058756676895094
68	R	69	56.08	56.08	0.0
69	R	70	133.09	0.0	100.0
70	A	71	45.26	10.79	76.15996464869642
71	A	72	4.35	4.35	0.0
72	V	73	19.42	0.0	100.0
73	D	74	84.03	0.0	100.0
74	T	75	94.2	72.96	22.547770700636953
75	Y	76	76.96	76.96	0.0
76	C	77	0.17	0.0	100.0
77	R	78	72.92	0.0	100.0
78	H	79	110.8	85.2	23.104693140794218
79	N	80	75.11	75.11	0.0
80	Y	81	40.09	24.06	39.98503367423298
81	G	82	46.31	1.84	96.02677607428201
82	V	83	90.05	90.05	0.0
83	G	84	7.98	6.15	22.932330827067666
84	E	85	60.09	0.0	100.0
85	S	86	86.29	12.89	85.06200023177657
86	F	87	128.7	128.7	0.0
87	T	88	38.81	36.6	5.6944086575624855
88	V	89	73.95	44.56	39.74306964164976
89	Q	90	98.96	0.0	100.0
90	R	91	71.29	38.79	45.588441576658724
91	R	92	119.55	0.0	100.0
92	V	93	50.46	0.0	100.0
93	E	94	108.6	0.0	100.0
94	P	95	10.69	0.0	100.0
95	K	96	143.13	19.45	86.4109550758052
96	V	97	24.88	0.0	100.0
97	T	98	55.95	13.58	75.72832886505809
98	V	99	22.64	0.0	100.0
99	Y	100	93.02	17.63	81.04708664803269
100	P	101	70.38	0.0	100.0
101	S	102	92.08	0.0	100.0
102	L	103	72.16	0.0	100.0
103	L	104	0.0	0.0	100.0
104	V	105	4.85	0.0	100.0
105	C	106	0.0	0.0	100.0
106	S	107	17.76	17.02	4.166666666666678
107	V	108	0.0	0.0	4.166666666666678
108	S	109	30.75	26.6	13.49593495934959
109	G	110	27.22	5.52	79.72079353416606
110	F	111	0.0	0.0	79.72079353416606
111	Y	112	38.18	29.9	21.68674698795181
112	P	113	33.13	0.0	100.0
113	G	114	11.47	0.0	100.0
114	S	115	80.79	0.0	100.0
115	I	116	38.69	0.0	100.0
116	E	117	91.89	0.0	100.0
117	V	118	28.81	0.0	100.0
118	R	119	73.71	0.0	100.0
119	W	120	1.61	0.0	100.0
120	F	121	39.44	0.0	100.0
121	R	122	104.74	0.0	100.0
122	N	123	83.35	0.0	100.0
123	G	124	68.39	0.0	100.0
124	Q	125	131.41	0.0	100.0
125	E	126	67.26	0.0	100.0
126	E	127	33.68	0.0	100.0
127	K	128	148.85	0.0	100.0
128	A	129	81.91	0.0	100.0
129	G	130	39.02	0.0	100.0
130	V	131	54.93	0.0	100.0
131	V	132	73.65	0.0	100.0
132	S	133	61.28	0.0	100.0
133	T	134	78.63	0.0	100.0
134	G	135	32.22	0.0	100.0
135	L	136	85.25	0.0	100.0
136	I	137	64.95	24.95	61.585835257890686
137	Q	138	135.51	86.57	36.11541583646963
138	N	139	67.13	65.75	2.0557127960673256
139	G	140	69.56	65.55	5.764807360552049
140	D	141	84.76	46.71	44.891458235016515
141	W	142	136.08	136.08	0.0
142	T	143	24.42	3.55	85.46273546273547
143	F	144	24.08	3.45	85.67275747508306
144	Q	145	54.92	43.79	20.265841223597963
145	T	146	5.94	0.0	100.0
146	L	147	43.48	1.84	95.76816927322906
147	V	148	9.38	0.0	100.0
148	M	149	37.1	0.0	100.0
149	L	150	1.34	0.0	100.0
150	E	151	93.63	0.0	100.0
151	T	152	28.88	0.0	100.0
152	V	153	106.52	0.0	100.0
153	P	154	46.52	0.0	100.0
154	R	155	150.36	0.0	100.0
155	S	156	92.31	0.0	100.0
156	G	157	72.22	0.0	100.0
157	E	158	27.27	0.0	100.0
158	V	159	26.98	0.0	100.0
159	Y	160	4.04	0.0	100.0
160	T	161	26.27	0.0	100.0
161	C	162	0.12	0.0	100.0
162	Q	163	42.85	0.0	100.0
163	V	164	0.0	0.0	100.0
164	E	165	65.22	0.0	100.0
165	H	166	11.31	0.0	100.0
166	P	167	68.96	0.0	100.0
167	S	168	26.01	0.0	100.0
168	V	169	25.97	0.0	100.0
169	T	170	145.48	0.0	100.0
170	S	171	76.4	0.0	100.0
171	P	172	62.37	0.0	100.0
172	L	173	52.55	0.0	100.0
173	T	174	77.2	0.0	100.0
174	V	175	43.29	0.0	100.0
175	E	176	90.8	0.0	100.0
176	W	177	54.15	0.0	100.0
177	R	178	142.51	0.0	100.0
178	A	179	78.8	0.0	100.0
