	Residue	No	ASA	BSA	Availability
0	K	1	241.1	24.1	90.00414765657403
1	E	2	165.71	23.99	85.52290145434796
2	E	3	141.22	69.47	50.807251097578245
3	H	4	111.76	77.4	30.7444523979957
4	V	5	78.4	44.02	43.85204081632653
5	I	6	112.58	108.96	3.2154912062533345
6	I	7	73.03	47.37	35.136245378611534
7	Q	8	93.14	93.14	0.0
8	A	9	24.05	13.57	43.57588357588358
9	E	10	53.02	53.02	0.0
10	F	11	32.6	25.35	22.23926380368098
11	Y	12	41.27	21.74	47.32251029803732
12	L	13	24.59	24.59	0.0
13	N	14	55.54	16.88	69.60749009722721
14	P	15	130.56	86.95	33.40226715686274
15	D	16	60.63	8.54	85.9145637473198
16	Q	17	140.64	0.0	100.0
17	S	18	39.73	0.0	100.0
18	G	19	16.07	0.0	100.0
19	E	20	32.86	0.0	100.0
20	F	21	4.49	4.05	9.799554565701566
21	M	22	3.18	0.0	100.0
22	F	23	44.61	44.61	0.0
23	D	24	4.93	0.0	100.0
24	F	25	81.69	79.25	2.9869017015546553
25	D	26	72.56	17.91	75.31697905181919
26	G	27	29.94	9.27	69.03807615230461
27	D	28	99.86	98.29	1.572201081514113
28	E	29	9.17	3.18	65.32170119956379
29	I	30	39.87	39.87	0.0
30	F	31	9.22	9.22	0.0
31	H	32	39.13	0.0	100.0
32	V	33	5.21	0.0	100.0
33	D	34	39.91	0.0	100.0
34	M	35	47.5	0.0	100.0
35	A	36	86.91	0.0	100.0
36	K	37	155.42	0.0	100.0
37	K	38	134.69	70.22	47.865468854406416
38	E	39	80.02	0.0	100.0
39	T	40	29.88	0.0	100.0
40	V	41	52.21	0.0	100.0
41	W	42	49.03	7.64	84.41770344686927
42	R	43	91.04	35.41	61.10500878734623
43	L	44	80.4	47.07	41.45522388059702
44	E	45	140.24	0.0	100.0
45	E	46	84.98	18.37	78.3831489762297
46	F	47	65.71	65.55	0.24349414092222887
47	G	48	33.95	0.0	100.0
48	R	49	177.25	0.0	100.0
49	F	50	167.47	70.12	58.129814295097624
50	A	51	54.44	54.44	0.0
51	S	52	101.19	54.43	46.21009981223441
52	F	53	64.45	46.71	27.52521334367727
53	E	54	108.54	51.44	52.60733370186107
54	A	55	8.82	0.0	100.0
55	Q	56	128.47	106.95	16.750992449599124
56	G	57	36.31	36.31	0.0
57	A	58	0.0	0.0	0.0
58	L	59	51.67	32.59	36.92664989355525
59	A	60	59.37	59.37	0.0
60	N	61	58.08	58.08	0.0
61	I	62	7.53	0.0	100.0
62	A	63	55.67	52.7	5.335009879647923
63	V	64	87.28	87.28	0.0
64	D	65	34.13	34.13	0.0
65	K	66	91.03	23.21	74.50291112819949
66	A	67	50.07	47.03	6.071499900139803
67	N	68	71.51	71.51	0.0
68	L	69	44.63	44.46	0.3809097019941781
69	E	70	94.3	0.0	100.0
70	I	71	91.13	54.8	39.86612531548337
71	M	72	108.67	108.67	0.0
72	T	73	37.56	29.36	21.831735889243884
73	K	74	119.14	0.0	100.0
74	R	75	169.27	136.91	19.11738642405625
75	S	76	52.37	34.45	34.21806377697154
76	N	77	122.76	0.0	100.0
77	Y	78	146.47	12.05	91.77305932955552
78	T	79	91.91	24.28	73.58285279077357
79	P	80	112.17	51.23	54.328251760720335
80	I	81	98.3	84.04	14.506612410986767
81	T	82	108.04	1.3	98.79674194742688
82	N	83	62.61	1.23	98.03545759463344
83	V	84	52.72	6.7	87.29135053110774
84	P	85	58.08	0.0	100.0
85	P	86	10.83	0.0	100.0
86	E	87	101.9	0.0	100.0
87	V	88	9.22	0.0	100.0
88	T	89	62.56	0.0	100.0
89	V	90	22.26	0.0	100.0
90	L	91	84.39	49.28	41.60445550420666
91	T	92	27.02	11.66	56.846780162842336
92	N	93	101.6	59.25	41.68307086614173
93	S	94	56.37	33.81	40.0212879191059
94	P	95	117.7	83.6	28.971962616822438
95	V	96	24.94	0.0	100.0
96	E	97	105.99	0.0	100.0
97	L	98	72.62	0.0	100.0
98	R	99	219.2	0.0	100.0
99	E	100	96.52	0.0	100.0
100	P	101	100.99	0.0	100.0
101	N	102	11.04	0.0	100.0
102	V	103	39.64	0.0	100.0
103	L	104	0.0	0.0	100.0
104	I	105	30.11	25.77	14.413816007970773
105	C	106	0.0	0.0	14.413816007970773
106	F	107	47.77	0.94	98.0322378061545
107	I	108	0.0	0.0	98.0322378061545
108	D	109	9.13	0.0	100.0
109	K	110	73.87	0.0	100.0
110	F	111	0.0	0.0	100.0
111	T	112	13.27	13.15	0.904295403165028
112	P	113	2.01	2.01	0.0
113	P	114	12.2	7.53	38.27868852459016
114	V	115	38.67	0.0	100.0
115	V	116	22.63	0.0	100.0
116	N	117	88.57	0.0	100.0
117	V	118	30.91	0.0	100.0
118	T	119	34.54	0.0	100.0
119	W	120	6.52	0.0	100.0
120	L	121	20.04	0.0	100.0
121	R	122	93.15	0.0	100.0
122	N	123	75.03	0.0	100.0
123	G	124	50.98	0.0	100.0
124	K	125	147.05	0.0	100.0
125	P	126	95.81	0.0	100.0
126	V	127	18.53	0.0	100.0
127	T	128	103.04	0.0	100.0
128	T	129	122.32	0.0	100.0
129	G	130	49.79	0.0	100.0
130	V	131	51.91	0.0	100.0
131	S	132	57.58	0.0	100.0
132	E	133	102.22	0.0	100.0
133	T	134	11.93	2.01	83.15171835708298
134	V	135	21.04	0.0	100.0
135	F	136	27.2	0.0	100.0
136	L	137	5.53	3.01	45.56962025316456
137	P	138	25.56	13.04	48.98278560250392
138	R	139	59.45	7.29	87.73759461732548
139	E	140	170.89	10.21	94.0253964538592
140	D	141	72.71	14.7	79.78269839086782
141	H	142	151.98	135.96	10.540860639557826
142	L	143	33.33	16.88	49.354935493549355
143	F	144	29.37	23.28	20.73544433094995
144	R	145	39.19	16.31	58.38224036744067
145	K	146	8.59	0.0	100.0
146	F	147	45.18	43.13	4.537405931828236
147	H	148	11.38	0.0	100.0
148	Y	149	43.6	21.8	50.0
149	L	150	4.18	0.0	100.0
150	P	151	65.77	0.0	100.0
151	F	152	15.9	0.0	100.0
152	L	153	114.84	0.0	100.0
153	P	154	5.16	0.0	100.0
154	S	155	33.17	0.0	100.0
155	T	156	103.29	0.0	100.0
156	E	157	148.31	0.0	100.0
157	D	158	37.02	0.0	100.0
158	V	159	46.02	0.0	100.0
159	Y	160	8.98	0.0	100.0
160	D	161	22.86	0.0	100.0
161	C	162	0.0	0.0	100.0
162	R	163	71.68	0.0	100.0
163	V	164	0.0	0.0	100.0
164	E	165	48.43	0.0	100.0
165	H	166	12.42	0.0	100.0
166	W	167	141.83	58.88	58.48551082281605
167	G	168	23.18	0.0	100.0
168	L	169	41.68	0.0	100.0
169	D	170	157.6	0.0	100.0
170	E	171	127.53	0.0	100.0
171	P	172	73.03	0.0	100.0
172	L	173	46.55	0.0	100.0
173	L	174	94.3	0.0	100.0
174	K	175	70.13	0.0	100.0
175	H	176	95.71	0.0	100.0
176	W	177	38.91	0.0	100.0
177	E	178	83.0	0.0	100.0
178	F	179	64.34	0.0	100.0
179	D	180	173.66	0.0	100.0
