	Residue	No	ASA	BSA	Availability
0	Q	2	75.21	0.0	100.0
1	S	3	45.62	0.0	100.0
2	V	4	14.74	0.0	100.0
3	T	5	78.04	0.0	100.0
4	Q	6	6.51	0.0	100.0
5	L	7	131.16	0.0	100.0
6	G	8	30.55	0.0	100.0
7	S	9	64.76	14.43	77.71772699197037
8	H	10	133.68	0.0	100.0
9	V	11	37.97	0.0	100.0
10	S	12	74.71	0.0	100.0
11	V	13	15.06	0.0	100.0
12	S	14	56.3	0.0	100.0
13	E	15	36.77	0.0	100.0
14	G	16	53.09	0.0	100.0
15	A	17	36.07	0.0	100.0
16	L	18	109.57	0.0	100.0
17	V	19	0.0	0.0	100.0
18	L	20	65.18	0.0	100.0
19	L	21	0.84	0.0	100.0
20	R	22	100.97	0.0	100.0
21	C	23	0.0	0.0	100.0
22	N	24	43.98	0.0	100.0
23	Y	25	19.78	0.0	100.0
24	S	26	60.34	0.0	100.0
25	S	27	32.76	0.0	100.0
26	S	28	122.49	36.16	70.47922279369745
27	V	29	63.47	63.47	0.0
28	P	36	89.42	68.17	23.76425855513308
29	P	37	25.02	0.0	100.0
30	Y	38	32.09	20.68	35.55624805235277
31	L	39	0.0	0.0	35.55624805235277
32	F	40	6.89	0.0	100.0
33	W	41	0.0	0.0	100.0
34	Y	42	46.28	33.9	26.750216076058773
35	V	43	0.0	0.0	26.750216076058773
36	Q	44	49.59	17.99	63.722524702561
37	Y	45	28.02	0.0	100.0
38	P	46	82.18	0.0	100.0
39	N	47	159.55	6.18	96.12660607959886
40	Q	48	101.98	0.0	100.0
41	G	49	47.91	1.5	96.86912961803381
42	L	50	87.1	67.69	22.284730195177954
43	Q	51	63.87	0.0	100.0
44	L	52	61.9	0.0	100.0
45	L	53	4.71	0.0	100.0
46	L	54	7.88	0.0	100.0
47	K	55	88.25	23.14	73.77903682719547
48	Y	56	18.63	0.0	100.0
49	T	57	54.04	5.28	90.22945965951146
50	S	58	65.84	29.04	55.89307411907656
51	A	59	95.72	28.36	70.37191809444212
52	A	62	60.19	0.0	100.0
53	T	63	66.71	0.0	100.0
54	L	64	82.12	0.0	100.0
55	V	65	23.33	0.0	100.0
56	K	66	163.47	0.0	100.0
57	G	67	21.73	0.0	100.0
58	I	68	79.82	0.0	100.0
59	N	74	75.9	0.0	100.0
60	G	75	48.5	0.0	100.0
61	F	76	3.29	0.0	100.0
62	E	77	67.58	0.0	100.0
63	A	78	1.17	0.0	100.0
64	E	79	71.73	0.0	100.0
65	F	80	18.53	0.0	100.0
66	K	81	83.11	0.0	100.0
67	K	82	166.64	0.0	100.0
68	S	83	105.6	0.0	100.0
69	E	84	112.95	0.0	100.0
70	T	85	52.23	0.0	100.0
71	S	86	1.82	0.0	100.0
72	F	87	0.0	0.0	100.0
73	H	88	40.5	0.0	100.0
74	L	89	0.0	0.0	100.0
75	T	90	32.74	0.0	100.0
76	K	91	21.68	0.0	100.0
77	P	92	100.95	0.0	100.0
78	S	93	60.02	0.0	100.0
79	A	94	2.95	0.0	100.0
80	H	95	109.44	0.0	100.0
81	M	96	33.82	0.0	100.0
82	S	97	71.8	0.0	100.0
83	D	98	5.4	0.0	100.0
84	A	99	33.94	0.0	100.0
85	A	100	8.01	0.0	100.0
86	E	101	62.24	4.89	92.14331619537275
87	Y	102	0.0	0.0	92.14331619537275
88	F	103	38.83	32.69	15.812516095802218
89	C	104	0.0	0.0	15.812516095802218
90	A	105	0.0	0.0	15.812516095802218
91	V	106	0.12	0.0	100.0
92	S	107	0.0	0.0	100.0
93	E	108	114.21	59.31	48.069345941686365
94	S	109	4.97	0.58	88.32997987927565
95	P	110	66.4	54.65	17.69578313253013
96	F	111	165.25	165.25	0.0
97	G	112	23.58	21.82	7.463952502120433
98	N	113	113.24	113.24	0.0
99	E	114	122.46	122.46	0.0
100	K	115	176.47	120.44	31.750439168130562
101	L	116	42.85	41.04	4.224037339556598
102	T	117	44.4	15.22	65.72072072072072
103	F	118	92.28	76.83	16.74252275682705
104	G	119	11.93	9.06	24.056999161777025
105	T	120	111.27	56.77	48.97995865911746
106	G	121	6.59	0.12	98.17905918057663
107	T	122	2.51	0.0	100.0
108	R	123	137.99	35.27	74.44017682440756
109	L	124	2.09	0.0	100.0
110	T	125	68.59	0.0	100.0
111	I	126	7.42	0.0	100.0
112	I	127	62.68	0.0	100.0
113	P	128	4.34	0.0	100.0
114	N	129	94.38	0.0	100.0
115	I	130	25.82	0.0	100.0
116	Q	131	151.97	0.0	100.0
117	N	132	111.15	0.0	100.0
118	P	133	63.67	0.0	100.0
119	D	134	85.61	34.47	59.73601214811354
120	P	135	83.89	0.0	100.0
121	A	136	25.65	3.85	84.99025341130604
122	V	137	75.73	0.0	100.0
123	Y	138	115.4	101.1	12.391681109185452
124	Q	139	100.68	17.17	82.94596742153357
125	L	140	76.99	71.37	7.299649305104547
126	R	141	279.67	53.09	81.01691279007402
127	S	142	174.25	18.75	89.23959827833573
128	S	143	80.75	38.05	52.87925696594428
129	D	144	95.34	0.0	100.0
130	K	145	94.31	52.25	44.597603647545334
131	S	146	40.77	1.17	97.13024282560706
132	V	147	49.36	49.36	0.0
133	C	148	7.13	0.0	100.0
134	L	149	46.11	45.61	1.0843634786380394
135	F	150	50.98	0.0	100.0
136	T	151	15.4	12.37	19.67532467532468
137	D	152	33.23	26.47	20.343063496840198
138	F	153	0.66	0.0	100.0
139	D	154	41.98	0.0	100.0
140	S	155	36.63	0.0	100.0
141	Q	156	159.36	0.0	100.0
142	T	157	45.42	0.0	100.0
143	N	158	114.94	0.0	100.0
144	V	159	29.46	0.0	100.0
145	S	160	88.72	0.0	100.0
146	Q	161	93.87	0.0	100.0
147	S	162	47.32	0.0	100.0
148	K	163	112.26	0.0	100.0
149	D	164	44.9	0.0	100.0
150	S	165	108.47	10.65	90.18161703696875
151	D	166	29.04	0.0	100.0
152	V	167	22.29	0.0	100.0
153	Y	168	113.71	69.74	38.668542784275786
154	I	169	59.82	12.06	79.839518555667
155	T	170	54.61	46.09	15.60153817982054
156	D	171	108.7	24.64	77.33210671573137
157	K	172	74.7	0.98	98.68808567603747
158	T	173	90.3	66.41	26.4562569213732
159	V	174	55.95	7.05	87.39946380697052
160	L	175	87.75	83.84	4.455840455840452
161	D	176	57.01	18.79	67.040870022803
162	M	177	77.23	70.21	9.08973196944194
163	R	178	201.82	55.59	72.4556535526707
164	S	179	119.86	4.43	96.3040213582513
165	M	180	132.9	44.73	66.34311512415351
166	D	181	108.99	0.0	100.0
167	F	182	79.41	34.68	56.327918398186625
168	K	183	40.7	0.0	100.0
169	S	184	6.42	5.1	20.560747663551407
170	N	185	5.67	0.0	100.0
171	S	186	22.78	19.91	12.598770851624236
172	A	187	3.77	1.51	59.94694960212201
173	V	188	46.08	45.76	0.6944444444444451
174	A	189	18.53	0.0	100.0
175	W	190	67.16	65.09	3.082191780821908
176	S	191	0.07	0.0	100.0
177	N	192	93.64	0.0	100.0
178	K	193	87.79	0.0	100.0
179	S	194	117.62	0.0	100.0
180	D	195	115.98	0.0	100.0
181	F	196	38.4	0.0	100.0
182	A	197	89.03	0.0	100.0
183	C	198	72.41	0.0	100.0
