	Residue	No	ASA	BSA	Availability
0	K	3	151.08	0.0	100.0
1	V	4	0.25	0.0	100.0
2	T	5	57.12	0.0	100.0
3	Q	6	8.73	0.0	100.0
4	S	7	81.84	0.0	100.0
5	S	8	31.18	0.0	100.0
6	R	9	133.34	0.0	100.0
7	Y	10	47.67	0.0	100.0
8	L	11	30.12	0.0	100.0
9	V	12	4.11	0.0	100.0
10	K	13	60.77	0.0	100.0
11	R	14	96.58	0.0	100.0
12	T	15	55.73	0.0	100.0
13	G	16	46.51	0.0	100.0
14	E	17	72.67	0.0	100.0
15	K	18	98.68	0.0	100.0
16	V	19	1.17	0.0	100.0
17	F	20	103.02	0.0	100.0
18	L	21	1.34	0.0	100.0
19	E	22	33.6	0.0	100.0
20	C	23	0.0	0.0	100.0
21	V	24	36.04	0.0	100.0
22	Q	25	2.46	0.0	100.0
23	D	26	131.25	0.0	100.0
24	M	27	63.52	0.86	98.64609571788414
25	D	28	90.73	19.65	78.34233439876557
26	H	29	1.52	0.3	80.26315789473684
27	E	37	57.34	57.34	0.0
28	N	38	12.03	12.03	0.0
29	M	39	0.0	0.0	0.0
30	F	40	13.59	13.59	0.0
31	W	41	0.0	0.0	0.0
32	Y	42	30.43	29.8	2.0703253368386427
33	R	43	23.66	0.0	100.0
34	Q	44	83.21	58.96	29.143131835115966
35	D	45	19.06	0.0	100.0
36	P	46	128.26	0.5	99.6101668485888
37	G	47	85.71	39.61	53.786022634465056
38	L	48	95.14	17.2	81.921379020391
39	G	49	42.45	39.85	6.124852767962312
40	L	50	75.31	71.26	5.377771876244851
41	R	51	66.44	0.0	100.0
42	L	52	28.67	24.1	15.94000697593303
43	I	53	0.0	0.0	15.94000697593303
44	Y	54	25.43	0.0	100.0
45	F	55	31.75	31.75	0.0
46	S	56	0.0	0.0	0.0
47	Y	57	108.39	108.39	0.0
48	D	58	70.24	58.01	17.41173120728929
49	V	63	52.91	2.35	95.55849555849557
50	K	64	134.48	0.0	100.0
51	M	65	50.87	39.23	22.881855710634955
52	K	66	84.53	11.09	86.88039749201467
53	E	67	84.41	58.09	31.181139675393904
54	K	68	137.33	3.8	97.2329425471492
55	G	69	12.38	1.34	89.17609046849758
56	D	70	119.93	30.14	74.86867339281248
57	I	71	38.12	0.0	100.0
58	P	72	12.54	0.0	100.0
59	E	74	128.27	0.0	100.0
60	G	75	50.42	0.0	100.0
61	Y	76	19.69	0.0	100.0
62	S	77	43.54	0.0	100.0
63	V	78	10.87	0.0	100.0
64	S	79	26.48	0.0	100.0
65	R	80	0.17	0.0	100.0
66	E	81	123.04	0.0	100.0
67	K	83	139.08	0.0	100.0
68	K	84	64.01	9.62	84.97109826589596
69	E	85	73.01	0.0	100.0
70	R	86	96.74	0.0	100.0
71	F	87	0.0	0.0	100.0
72	S	88	10.1	0.0	100.0
73	L	89	0.0	0.0	100.0
74	I	90	17.08	0.0	100.0
75	L	91	0.0	0.0	100.0
76	E	92	104.85	0.0	100.0
77	S	93	70.62	0.0	100.0
78	A	94	0.73	0.0	100.0
79	S	95	39.61	0.0	100.0
80	T	96	68.57	0.0	100.0
81	N	97	111.33	0.0	100.0
82	Q	98	7.87	0.0	100.0
83	T	99	50.66	0.0	100.0
84	S	100	2.34	0.0	100.0
85	M	101	32.55	0.0	100.0
86	Y	102	0.0	0.0	100.0
87	L	103	24.42	15.06	38.32923832923833
88	C	104	0.0	0.0	38.32923832923833
89	A	105	0.0	0.0	38.32923832923833
90	S	106	0.0	0.0	38.32923832923833
91	S	107	9.13	8.96	1.8619934282584878
92	S	108	12.17	12.17	0.0
93	T	109	123.63	123.63	0.0
94	G	110	63.93	63.93	0.0
95	L	112	63.91	49.32	22.828978250664996
96	P	113	133.23	133.23	0.0
97	Y	114	130.87	24.92	80.95820279666844
98	G	115	43.07	26.96	37.404225679127
99	Y	116	91.35	67.85	25.72523262178435
100	T	117	37.55	0.0	100.0
101	F	118	100.48	63.79	36.51472929936306
102	G	119	9.64	0.37	96.16182572614109
103	S	120	65.93	0.0	100.0
104	G	121	1.6	0.0	100.0
105	T	122	0.67	0.0	100.0
106	R	123	88.25	0.0	100.0
107	L	124	0.37	0.0	100.0
108	T	125	19.97	0.0	100.0
109	V	126	2.64	0.0	100.0
110	V	127	14.03	0.0	100.0
111	E	128	127.23	0.0	100.0
112	D	129	54.54	0.0	100.0
113	L	130	17.18	0.0	100.0
114	N	131	75.35	0.0	100.0
115	K	132	71.37	0.0	100.0
116	V	133	7.61	0.0	100.0
117	F	134	43.63	0.0	100.0
118	P	135	79.64	0.0	100.0
119	P	136	27.15	0.0	100.0
120	E	137	134.0	3.57	97.3358208955224
121	V	138	65.83	7.37	88.804496430199
122	A	139	46.52	32.11	30.975924333619954
123	V	140	62.04	3.05	95.08381689232753
124	F	141	105.08	95.24	9.364293871336129
125	E	142	123.53	31.39	74.58916862300656
126	P	143	14.82	0.83	94.39946018893387
127	S	144	57.47	47.49	17.365582042804935
128	E	145	134.74	0.0	100.0
129	A	146	72.25	10.82	85.0242214532872
130	E	147	33.02	32.78	0.726832222895221
131	I	148	12.71	0.0	100.0
132	S	149	97.55	0.0	100.0
133	H	150	157.15	33.62	78.60642698059179
134	T	151	49.82	31.97	35.828984343637096
135	Q	152	135.88	0.0	100.0
136	K	153	94.36	67.57	28.391267486222983
137	A	154	0.0	0.0	28.391267486222983
138	T	155	29.82	27.75	6.9416498993963796
139	L	156	2.51	0.0	100.0
140	V	157	47.72	47.55	0.3562447611064579
141	C	158	0.0	0.0	0.3562447611064579
142	L	159	59.74	57.34	4.017408771342482
143	A	160	0.0	0.0	4.017408771342482
144	T	161	42.9	33.16	22.70396270396271
145	G	162	11.8	0.0	100.0
146	F	163	0.0	0.0	100.0
147	F	164	15.64	0.0	100.0
148	P	165	1.17	0.0	100.0
149	D	166	56.47	0.0	100.0
150	H	167	2.52	0.0	100.0
151	V	168	25.93	0.0	100.0
152	E	169	75.56	0.0	100.0
153	L	170	28.03	0.0	100.0
154	S	171	23.82	0.0	100.0
155	W	172	0.73	0.0	100.0
156	W	173	66.1	0.0	100.0
157	V	174	13.06	0.0	100.0
158	N	175	81.52	0.0	100.0
159	G	176	56.08	0.0	100.0
160	K	177	154.42	0.0	100.0
161	E	178	78.14	0.0	100.0
162	V	179	38.77	0.0	100.0
163	H	180	144.53	28.29	80.4262090915381
164	S	181	99.17	61.93	37.551678935161846
165	G	182	38.6	36.99	4.170984455958548
166	V	183	43.29	10.28	76.25317625317625
167	S	184	52.71	47.84	9.239233542022381
168	T	185	55.42	9.4	83.03861421869362
169	D	186	40.51	25.71	36.534189089113795
170	P	187	137.73	57.7	58.10644013649894
171	Q	188	128.65	15.06	88.29382044306257
172	P	189	19.45	0.0	100.0
173	L	190	117.66	76.49	34.990651028386885
174	K	191	81.94	3.03	96.30217232121065
175	E	192	79.99	36.86	53.919239904988125
176	Q	193	102.42	0.0	100.0
177	P	194	101.57	7.27	92.842374716944
178	A	195	102.17	0.0	100.0
179	L	196	80.58	0.0	100.0
180	N	197	147.93	0.0	100.0
181	D	198	45.78	0.0	100.0
182	S	199	3.58	0.0	100.0
183	R	200	91.91	0.0	100.0
184	Y	201	39.61	0.0	100.0
185	S	202	16.08	12.39	22.94776119402984
186	L	203	11.45	0.8	93.01310043668121
187	S	204	22.74	22.74	0.0
188	S	205	0.0	0.0	0.0
189	R	206	85.35	85.19	0.18746338605740667
190	L	207	1.17	0.0	100.0
191	R	208	108.83	104.21	4.2451529909032475
192	V	209	25.23	6.66	73.60285374554103
193	S	210	55.97	23.94	57.22708593889584
194	A	211	11.51	0.0	100.0
195	T	212	104.8	0.0	100.0
196	F	213	69.53	0.0	100.0
197	W	214	58.56	0.0	100.0
198	Q	215	109.62	0.0	100.0
199	N	216	60.47	0.0	100.0
200	P	217	134.74	0.0	100.0
201	R	218	213.93	0.0	100.0
202	N	219	27.55	0.0	100.0
203	H	220	107.67	0.0	100.0
204	F	221	30.66	0.0	100.0
205	R	222	100.03	0.0	100.0
206	C	223	11.68	0.0	100.0
207	Q	224	69.9	0.0	100.0
208	V	225	27.01	0.0	100.0
209	Q	226	97.44	0.0	100.0
210	F	227	44.02	0.0	100.0
211	Y	228	31.45	0.0	100.0
212	G	229	25.11	0.0	100.0
213	L	230	54.4	0.0	100.0
214	S	231	64.54	0.0	100.0
215	E	232	182.03	0.0	100.0
216	N	233	142.48	0.0	100.0
217	D	234	35.54	0.0	100.0
218	E	235	137.96	0.0	100.0
219	W	236	77.19	0.0	100.0
220	T	237	131.71	0.0	100.0
221	Q	238	84.51	0.0	100.0
222	D	239	157.64	0.0	100.0
223	R	240	117.94	0.0	100.0
